0
0
0
0
0
0
0
0
0
0
0
0
0
0
0
0
0
0
0
0
0
0
0
0
0
0
0
0
0
0
0
0.00324638
0.00658011
0.0115587
0.0115595
0.0114846
0.0113444
0.0112752
0.0111752
0.0110075
0.0108831
0.0107747
0.0106575
0.0105555
0.0104728
0.0104705
0.0105037
0.0104901
0.0105487
0.0105796
0.0106096
0.00824016
0.00579096
0.00204112
0.00204112
0.00204112
0.00212793
0.0021714
0.00225292
0.00234526
0.00243208
0.00247542
0.00256236
0.00251889
0.0025153
0.00243208
0.00221715
0.00208674
0.00177985
0.00156425
0.0013904
0.0012137
0.00104142
0.000869923
0.000694917
0.000564077
0.000173762
0
-0.000173762
-0.000519877
-0.000737301
-0.000823183
-0.00134768
-0.00143458
-0.00152012
-0.00173319
-0.00173305
-0.00195446
-0.00186569
-0.00186569
-0.00187019
-0.0019987
-0.00199884
-0.00229736
-0.00229512
-0.00225951
-0.00212708
-0.002125
-0.00225743
-0.00199984
-0.00191281
-0.00217363
-0.0018213
-0.00173292
-0.00186737
-0.00173879
-0.00204112
-0.00186737
-0.00186751
-0.00182403
-0.00190625
-0.00182403
-0.00195227
-0.00173723
-0.00199765
-0.00203902
-0.00195422
-0.00191075
-0.00182203
-0.00186737
-0.00195227
-0.0017354
-0.00186835
-0.0019117
-0.0017337
-0.00169273
-0.001389
-0.00134693
-0.00134693
-0.00134561
-0.00126188
-0.00147583
-0.00134561
-0.00125749
-0.000957315
-0.00091156
-0.00108418
-0.00113017
-0.00121839
-0.00121421
-0.00134754
-0.00134754
-0.00121421
-0.00121714
-0.00126065
-0.00125762
-0.00126065
-0.00125633
-0.00138949
-0.00138949
-0.00142952
-0.00121589
-0.00121589
-0.00126239
-0.00130148
-0.00143162
-0.00126096
-0.00121464
-0.00104257
-0.00108605
-0.000866807
-0.000912247
-0.000912247
-0.00108344
-0.00108605
-0.00108712
-0.00121464
-0.00121623
-0.00121331
-0.00125971
-0.00160715
-0.00164667
-0.00160728
-0.00177666
-0.00178094
-0.00200003
-0.00203864
-0.00247837
-0.00255925
-0.00247242
-0.00252176
-0.002429
-0.00234537
-0.00208479
-0.00191103
-0.00177899
-0.00147717
-0.00130164
-0.000913475
-0.000693529
-8.69828e-05
0.000217849
0.00039075
0.000781235
0.00104178
0.00156094
0.00182288
0.0024306
0.00269114
0.00286466
0.00308479
0.00330198
0.00347138
0.00365364
0.00373172
0.00381846
0.00390946
0.00390946
0.00386059
0.00387394
0.00377782
0.00372525
0.00368933
0.0036548
0.0035626
0.00351924
0.00351924
0.00351079
0.00352287
0.0035664
0.00355417
0.00355765
0.00351422
0.00347092
0.00338738
0.00330057
0.00324928
0.00317356
0.00312698
0.00303569
0.00299241
0.00286512
0.00278518
0.00264825
0.00256146
0.00238778
0.00221409
0.00199695
0.00177994
0.00156293
0.0013906
0.00117223
0.000999518
0.000866937
0.000738701
0.000651834
0.000522111
0.000433534
0.000347087
0.000347716
0.000304384
0.000347716
0.000389742
0.000476772
0.000476772
0.000608274
0.000651769
0.00073876
0.000866851
0.000953497
0.00104176
0.00112963
0.00121543
0.00121662
0.00129914
0.00130347
0.00125875
0.00130347
0.00121543
0.00108366
0.000997017
0.00091024
0.000739484
0.000651902
0.000608406
0.000520295
0.000520163
0.000520671
0.000478052
0.000391194
0.00034707
0.000303769
0.000260336
0.000347202
0.000391445
0.000477346
0.000608102
0.000781732
0.000999947
0.00134768
0.00165041
0.00191286
0.00234173
0.00269137
0.00307903
0.00347271
0.00382007
0.00417755
0.00451473
0.00477211
0.00503253
0.0052494
0.00551508
0.005694
0.00585953
0.00607649
0.0063369
0.00651056
0.00677096
0.00689443
0.0069943
0.00712461
0.00706979
0.00702637
0.00699616
0.00703965
0.0070896
0.00705465
0.00702455
0.0071229
0.00708587
0.00708587
0.00694417
0.0068573
0.00677055
0.00654298
0.00633199
0.00603399
0.00563406
0.00521046
0.00490661
0.00450853
0.00425532
0.00408531
0.00385828
0.00360146
0.003341
0.00321884
0.00308066
0.00299652
0.00299653
0.00298908
0.00312695
0.00325723
0.00333862
0.00356438
0.00369491
0.00394572
0.00421651
0.00463948
0.0049863
0.00543365
0.00577197
0.00603236
0.00634122
0.00668864
0.00702398
0.00733418
0.00777424
0.00816524
0.00849789
0.00885954
0.00916342
0.00936439
0.00958871
0.00982147
0.0100647
0.0103406
0.0106698
0.0109032
0.0113179
0.0118263
0.0124747
0.0133209
0.0141453
0.015156
0.0161231
0.0170495
0.0177998
0.0185191
0.0192827
0.0199952
0.0207684
0.0217953
0.0229843
0.0240665
0.025272
0.0264444
0.0274944
0.0285536
0.0294351
0.0300565
0.0306019
0.0309257
0.0312898
0.0312003
0.0312967
0.0312007
0.0312125
0.0313088
0.0312687
0.0313117
0.0312282
0.0310567
0.0307326
0.0304333
0.0300479
0.0298939
0.0297703
0.0296452
0.0294259
0.0292785
0.0291463
0.0290123
0.0288905
0.0288727
0.0289933
0.0294087
0.0299511
0.0303737
0.031001
0.0316251
0.0322536
0.0327512
0.0333814
0.0340108
0.0347728
0.0352653
0.0359716
0.0367343
0.0376171
0.038491
0.0395036
0.0406387
0.041769
0.0429859
0.044029
0.0450287
0.0458046
0.0467149
0.0473344
0.0479739
0.0487256
0.0492993
0.0497237
0.0502421
0.0506847
0.0511511
0.0518449
0.0525702
0.0533139
0.054229
0.0549108
0.0555412
0.0559357
0.0564013
0.0566188
0.0566423
0.0567484
0.056712
0.0569655
0.057332
0.0577317
0.0584186
0.0593888
0.0603092
0.0611293
0.0618851
0.062256
0.0626954
0.062727
0.0626837
0.0624498
0.0621029
0.0618539
0.0614381
0.061172
0.0609302
0.0601191
0.0594505
0.0587815
0.0579817
0.0569631
0.0557494
0.0541468
0.0525525
0.0509396
0.0491436
0.0475595
0.0456183
0.0440042
0.0422648
0.0408399
0.0394968
0.0382794
0.0371144
0.0360704
0.035121
0.0346595
0.0340888
0.0334091
0.0327088
0.0321208
0.031697
0.0314917
0.0311846
0.0311255
0.0311734
0.0311577
0.031311
0.0315074
0.0319379
0.0322215
0.0324564
0.0328026
0.0329981
0.0331714
0.0331879
0.0330316
0.032937
0.0327336
0.0324644
0.032041
0.0315705
0.0309441
0.0303249
0.0294746
0.0286609
0.0277686
0.0268688
0.0260591
0.0251119
0.0242533
0.0233458
0.0223185
0.0213241
0.0200455
0.0190003
0.0179764
0.0169653
0.0160284
0.0152494
0.0146005
0.0139732
0.0135134
0.0129077
0.0122991
0.0117365
0.0110409
0.0104071
0.0096352
0.00886868
0.0081311
0.00737975
0.00660994
0.00594801
0.00543596
0.00492232
0.00447927
0.00403773
0.00370259
0.00304418
0.00257007
0.00191348
0.00139187
0.00104218
0.000826422
0.000521951
0.000390785
0.000130255
-4.35555e-05
-0.00078152
-0.00108547
-0.00121775
-0.00169613
-0.00252245
-0.00274448
-0.00343006
-0.0035227
-0.00443603
-0.00464579
-0.00491347
-0.00499219
-0.0052613
-0.00526134
-0.006054
-0.00625046
-0.00724877
-0.00752239
-0.00747891
-0.00798772
-0.0074792
-0.00792684
-0.00921731
-0.00912851
-0.00844671
-0.00880847
-0.00821303
-0.00874869
-0.00895055
-0.0090087
-0.00960295
-0.00979253
-0.00986233
-0.00994734
-0.00977166
-0.00974349
-0.00869788
-0.00873973
-0.00936369
-0.00892655
-0.00982363
-0.0095021
-0.00901182
-0.00888126
-0.00963227
-0.00921284
-0.00999508
-0.0111482
-0.010427
-0.0102347
-0.0098341
-0.00955575
-0.0105277
-0.0107453
-0.0112239
-0.0112239
-0.013138
-0.0133323
-0.013934
-0.0141076
-0.0143255
-0.0141951
-0.0144735
-0.0170056
-0.0168842
-0.0168841
-0.0171018
-0.0153612
-0.016877
-0.0172949
-0.0178213
-0.0179874
-0.0185273
-0.0186932
-0.0188031
-0.0189523
-0.0180633
-0.0177935
-0.0181496
-0.018217
-0.0182072
-0.0183558
-0.0183359
-0.0158617
-0.0162115
-0.0161939
-0.0169358
-0.017374
-0.0166468
-0.0164724
-0.0164471
-0.0164787
-0.0169875
-0.0171292
-0.0178681
-0.0179848
-0.018806
-0.0189406
-0.020402
-0.02082
-0.0196315
-0.020945
-0.0238788
-0.0245739
-0.0238117
-0.0254138
-0.0239104
-0.0268835
-0.0265403
-0.0263231
-0.0269517
-0.0311918
-0.0297193
-0.029333
-0.0293076
-0.0293558
-0.0309343
-0.0313413
-0.0284688
-0.0293478
-0.0297325
-0.0311784
-0.0279828
-0.0271527
-0.0283719
-0.0268445
-0.0299474
-0.0273619
-0.0265266
-0.0296281
-0.028648
-0.0284546
-0.0283844
-0.0283746
-0.0289936
-0.0291573
-0.028752
-0.0287492
-0.0340386
-0.0337551
-0.0336945
-0.0338027
-0.0337901
-0.0398448
-0.0399149
-0.0400238
-0.0398902
-0.0398169
-0.0460645
-0.0443903
-0.0438236
-0.0425595
-0.0421534
-0.0479478
-0.0470079
-0.0464311
-0.0463101
-0.0458422
-0.0458442
-0.0458969
-0.0455869
-0.0471273
-0.0476127
-0.044831
-0.0440694
-0.0490959
-0.0471471
-0.0465861
-0.0433083
-0.0426182
-0.0479256
-0.0461675
-0.0458914
-0.0428994
-0.0421807
-0.0474343
-0.0457545
-0.0457365
-0.0428895
-0.0420569
-0.0462684
-0.0425791
-0.0415811
-0.040221
-0.0398575
-0.0379714
-0.0375016
-0.0374096
-0.0360872
-0.0357082
-0.0318244
-0.0309334
-0.0335971
-0.0312599
-0.030631
-0.0270784
-0.0262174
-0.0309882
-0.0293413
-0.0289946
-0.0247864
-0.0256963
-0.0259119
-0.0278137
-0.028289
-0.0250801
-0.0263624
-0.0266629
-0.02826
-0.0285975
-0.0270352
-0.0281456
-0.0255382
-0.0274752
-0.0280107
-0.0263547
-0.0273394
-0.0225515
-0.0250792
-0.0254541
-0.0255714
-0.0236896
-0.0246089
-0.0210391
-0.0227981
-0.0231771
-0.021241
-0.0222422
-0.0192809
-0.0210865
-0.0215675
-0.0202146
-0.0212991
-0.0189446
-0.0208687
-0.0214319
-0.0201661
-0.0212565
-0.0180187
-0.0188858
-0.0190433
-0.0212621
-0.0203629
-0.0201873
-0.0183992
-0.0180418
-0.0191026
-0.0179577
-0.0177371
-0.0155045
-0.0149615
-0.0153339
-0.0139787
-0.0137063
-0.0113014
-0.0106815
-0.011371
-0.0101943
-0.00992871
-0.00901377
-0.00877749
-0.00749347
-0.00720552
-0.00711533
-0.00654761
-0.00641402
-0.00517092
-0.00482065
-0.00468452
-0.00425089
-0.0040339
-0.00338113
-0.00304249
-0.00277835
-0.00234409
-0.00208241
-0.00104335
-0.000779988
-0.00065173
4.33074e-05
0.000130113
0.00108662
0.00134382
0.00138643
0.00177992
0.00186683
0.00186683
0.00182219
0.00173185
0.00169314
0.001476
0.00130231
0.0010853
0.000779947
0.000519877
0.000173547
-4.34197e-05
-0.000173548
-0.000260254
-0.000390383
-0.000477089
-0.000520511
-0.00108444
-0.00121457
-0.00130225
-0.0018231
-0.00190479
-0.00290403
-0.00312901
-0.00317252
-0.00346752
-0.00346962
-0.00381667
-0.00373991
-0.00408509
-0.00403931
-0.00398292
-0.00395007
-0.00386066
-0.00377639
-0.00355711
-0.00347027
-0.00287067
-0.00273289
-0.00264606
-0.00212553
-0.00204542
-0.000997762
-0.000693633
-0.000606843
-0.000130394
0
0.000693631
0.000997124
0.00173514
0.0022976
0.00274011
0.00312318
0.00342896
0.00373295
0.0039525
0.0042451
0.00446431
0.00473697
0.004957
0.00520399
0.00546423
0.00578333
0.00607532
0.00642607
0.00671591
0
0
0
0
0
0
0
0
0
0
0
0
0
0
0
0
0
0
0
0
