41.8103,109.9805149
41.8102746,109.9805145
41.81027578,109.9805139
41.81027664,109.9805134
41.8102775,109.980513
41.8102791,109.9805122
41.81028026,109.9805116
41.81028108,109.9805111
41.8102819,109.9805106
41.8102835,109.9805096
41.81028474,109.9805089
41.81028557,109.9805084
41.8102864,109.9805079
41.810288,109.9805069
41.81028922,109.9805062
41.8102892,109.9805038
41.81028919,109.9805032
41.81028999,109.9805026
41.8102908,109.9805021
41.8102924,109.980501
41.81029367,109.9805001
41.81029448,109.9804995
41.8102953,109.980499
41.8102969,109.9804979
41.81029814,109.980497
41.8102997,109.9804959
41.81030055,109.9804953
41.8103014,109.9804948
41.81030262,109.980494
41.81030346,109.9804935
41.8103043,109.980493
41.8103059,109.980492
41.8103071,109.9804913
41.8103087,109.9804902
41.8103103,109.9804891
41.81031157,109.9804882
41.81031238,109.9804876
41.8103132,109.9804871
41.8103148,109.980486
41.81031605,109.9804851
41.8103176,109.980484
41.8103192,109.9804829
41.81032053,109.980482
41.8103205,109.9804796
41.8103205,109.980479
41.8103221,109.9804779
41.8103237,109.9804768
41.81032498,109.9804759
41.8103266,109.9804749
41.81032745,109.9804744
41.8103283,109.9804739
41.81032946,109.9804732
41.81033028,109.9804726
41.8103311,109.9804721
41.8103327,109.980471
41.81033393,109.9804701
41.8103355,109.980469
41.8103371,109.9804679
41.81033841,109.9804671
41.81034,109.980466
41.8103416,109.9804649
41.81034288,109.980464
41.81034369,109.9804634
41.8103445,109.9804629
41.8103461,109.9804618
41.81034736,109.9804609
41.8103473,109.9804585
41.81034733,109.9804579
41.8103489,109.9804568
41.8103505,109.9804557
41.81035181,109.9804548
41.8103534,109.9804537
41.810355,109.9804526
41.81035628,109.9804517
41.81035709,109.9804511
41.8103579,109.9804506
41.8103595,109.9804495
41.81036076,109.9804486
41.81036158,109.980448
41.8103624,109.9804475
41.810364,109.9804464
41.81036524,109.9804456
41.81036607,109.9804451
41.8103669,109.9804446
41.8103685,109.9804436
41.81036972,109.9804429
41.8103714,109.9804421
41.8103731,109.9804414
41.8103742,109.9804409
41.81037505,109.9804404
41.8103759,109.98044
41.81037675,109.9804396
41.8103776,109.9804392
41.81037869,109.9804386
41.81037954,109.9804381
41.8103804,109.9804377
41.810382,109.9804368
41.81038317,109.9804362
41.81038403,109.9804358
41.8103849,109.9804355
41.81038575,109.9804351
41.8103866,109.9804347
41.81038765,109.9804343
41.8103893,109.9804334
41.81039015,109.980433
41.810391,109.9804326
41.81039214,109.980432
41.81039212,109.9804297
41.81039296,109.9804292
41.8103938,109.9804288
41.81039465,109.9804284
41.8103955,109.980428
41.8103966,109.9804274
41.81039745,109.980427
41.8103983,109.9804266
41.8104,109.9804259
41.81040109,109.9804254
41.81040194,109.9804249
41.8104028,109.9804245
41.81040365,109.9804241
41.8104045,109.9804237
41.81040557,109.9804231
41.81040643,109.9804226
41.8104073,109.9804222
41.8104089,109.9804214
41.81041005,109.9804208
41.8104117,109.9804199
41.81041255,109.9804194
41.8104134,109.980419
41.81041453,109.9804184
41.8104162,109.9804177
41.8104171,109.9804173
41.810418,109.9804169
41.81041902,109.9804165
41.81041986,109.980416
41.8104207,109.9804156
41.81042155,109.9804152
41.8104224,109.9804148
41.8104235,109.9804142
41.81042435,109.9804137
41.8104252,109.9804133
41.8104268,109.9804124
41.81042799,109.9804118
41.81042884,109.9804113
41.8104297,109.9804109
41.81043055,109.9804105
41.8104314,109.9804101
41.81043247,109.9804095
41.81043333,109.9804091
41.8104342,109.9804088
41.81043505,109.9804084
41.8104359,109.980408
41.81043695,109.9804076
41.8104386,109.9804067
41.81043945,109.9804062
41.8104403,109.9804058
41.81044144,109.9804052
41.8104431,109.9804043
41.81044395,109.9804039
41.8104448,109.9804035
41.81044592,109.9804029
41.8104476,109.9804021
41.8104493,109.9804014
41.81045041,109.9804009
41.8104504,109.9803985
41.81045038,109.9803983
41.8104519,109.9803971
41.8104527,109.9803965
41.8104535,109.9803959
41.81045485,109.9803949
41.8104564,109.9803938
41.810458,109.9803927
41.81045933,109.9803918
41.8104609,109.9803907
41.8104625,109.9803896
41.81046381,109.9803887
41.8104654,109.9803876
41.810467,109.9803865
41.81046828,109.9803856
41.81046909,109.980385
41.8104699,109.9803845
41.8104715,109.9803834
41.81047276,109.9803825
41.8104743,109.9803813
41.8104751,109.9803807
41.8104759,109.9803801
41.81047723,109.9803791
41.8104788,109.980378
41.8104804,109.9803769
41.81048171,109.980376
41.8104817,109.9803736
41.81048168,109.980373
41.81048249,109.9803724
41.8104833,109.9803719
41.8104849,109.9803708
41.81048616,109.9803699
41.81048698,109.9803693
41.8104878,109.9803688
41.8104894,109.9803677
41.81049063,109.9803668
41.81049141,109.9803662
41.8104922,109.9803656
41.810493,109.980365
41.8104938,109.9803644
41.81049511,109.9803634
41.81049595,109.9803629
41.8104968,109.9803625
41.81049765,109.980362
41.8104985,109.9803616
41.81049959,109.980361
41.8105013,109.9803603
41.81050215,109.9803599
41.810503,109.9803595
41.81050407,109.9803591
41.81050493,109.9803586
41.8105058,109.9803582
41.8105074,109.9803574
41.81050856,109.9803568
41.81050943,109.9803564
41.8105103,109.980356
41.810512,109.9803553
41.81051304,109.9803548
41.8105147,109.9803539
41.81051555,109.9803535
41.8105164,109.9803531
41.81051753,109.9803525
41.8105192,109.9803517
41.8105209,109.980351
41.81052201,109.9803505
41.81052199,109.9803483
41.81052284,109.9803479
41.8105237,109.9803475
41.8105254,109.9803468
41.81052648,109.9803463
41.81052734,109.9803458
41.8105282,109.9803454
41.8105298,109.9803446
41.81053096,109.980344
41.81053183,109.9803436
41.8105327,109.9803432
41.8105344,109.9803425
41.81053545,109.980342
41.8105371,109.9803411
41.81053795,109.9803407
41.8105388,109.9803403
41.81053993,109.9803397
41.8105416,109.980339
41.8105425,109.9803386
41.8105434,109.9803382
41.81054442,109.9803378
41.81054526,109.9803373
41.8105461,109.9803369
41.81054695,109.9803364
41.8105478,109.980336
41.8105489,109.9803354
41.8105506,109.9803347
41.81055145,109.9803343
41.8105523,109.9803339
41.81055338,109.9803335
41.81055424,109.980333
41.8105551,109.9803326
41.8105567,109.9803317
41.81055787,109.9803311
41.81055873,109.9803307
41.8105596,109.9803304
41.81056045,109.98033
41.8105613,109.9803296
41.81056235,109.9803292
41.810564,109.9803283
41.81056485,109.9803279
41.8105657,109.9803275
41.81056684,109.9803269
41.8105685,109.9803261
41.8105694,109.9803257
41.8105703,109.9803254
41.81057132,109.9803249
41.81057216,109.9803244
41.810573,109.980324
41.81057385,109.9803236
41.8105747,109.9803232
41.81057581,109.9803226
41.8105775,109.9803218
41.8105792,109.9803211
41.81058029,109.9803206
41.8105819,109.9803196
41.81058275,109.9803191
41.8105836,109.9803186
41.81058477,109.9803179
41.8105864,109.9803169
41.81058725,109.9803164
41.8105881,109.9803159
41.81058925,109.9803152
41.8105892,109.9803128
41.81058923,109.9803126
41.81059006,109.9803121
41.8105909,109.9803116
41.8105925,109.9803106
41.81059371,109.9803099
41.81059455,109.9803094
41.8105954,109.9803089
41.810597,109.9803079
41.81059819,109.9803072
41.8105998,109.9803062
41.81060065,109.9803057
41.8106015,109.9803052
41.81060266,109.9803045
41.81060348,109.9803039
41.8106043,109.9803034
41.8106059,109.9803023
41.81060714,109.9803014
41.81060797,109.9803009
41.8106088,109.9803004
41.8106104,109.9802994
41.81061162,109.9802987
41.81061246,109.9802982
41.8106133,109.9802977
41.8106149,109.9802967
41.8106161,109.980296
41.8106177,109.980295
41.81061855,109.9802945
41.8106194,109.980294
41.81062058,109.9802933
41.8106222,109.9802923
41.81062305,109.9802918
41.8106239,109.9802913
41.81062506,109.9802906
41.810625,109.9802882
41.81062504,109.9802879
41.8106266,109.9802868
41.81062745,109.9802862
41.8106283,109.9802857
41.81062951,109.9802849
41.8106303,109.9802843
41.8106311,109.9802837
41.8106326,109.9802825
41.81063398,109.9802814
41.81063479,109.9802808
41.8106356,109.9802803
41.8106372,109.9802792
41.81063846,109.9802783
41.81063928,109.9802777
41.8106401,109.9802772
41.8106417,109.9802761
41.81064294,109.9802752
41.8106445,109.9802741
41.81064535,109.9802735
41.8106462,109.980273
41.81064741,109.9802722
41.810649,109.9802711
41.8106506,109.98027
41.81065189,109.9802691
41.8106519,109.9802667
41.81065186,109.9802661
41.81065268,109.9802655
41.8106535,109.980265
41.8106551,109.9802639
41.81065634,109.980263
41.8106579,109.9802619
41.8106595,109.9802608
41.81066081,109.9802599
41.8106624,109.9802588
41.810664,109.9802577
41.81066529,109.9802568
41.81066609,109.9802562
41.8106669,109.9802557
41.8106685,109.9802546
41.81066977,109.9802538
41.8106713,109.9802526
41.8106721,109.980252
41.8106729,109.9802514
41.81067424,109.9802503
41.8106758,109.9802492
41.8106774,109.9802481
41.81067871,109.9802472
41.8106803,109.9802461
41.8106819,109.980245
41.81068319,109.9802441
41.8106832,109.9802417
41.81068317,109.9802415
41.8106848,109.9802405
41.81068565,109.98024
41.8106865,109.9802395
41.81068765,109.9802388
41.81068847,109.9802383
41.8106893,109.9802378
41.8106909,109.9802368
41.81069213,109.9802361
41.81069296,109.9802356
41.8106938,109.9802351
41.8106954,109.9802341
41.81069661,109.9802334
41.81069745,109.9802329
41.8106983,109.9802324
41.8106999,109.9802314
41.81070108,109.9802307
41.8107027,109.9802297
41.81070355,109.9802292
41.8107044,109.9802287
41.81070556,109.980228
41.81070638,109.9802275
41.8107072,109.980227
41.8107088,109.980226
41.81071004,109.9802253
41.81071087,109.9802248
41.8107117,109.9802243
41.8107133,109.9802233
41.81071452,109.9802226
41.81071536,109.9802221
41.8107162,109.9802216
41.8107178,109.9802206
41.810719,109.9802199
41.8107206,109.9802189
41.81072145,109.9802184
41.8107223,109.9802179
41.81072348,109.9802172
41.8107235,109.9802148
41.81072346,109.9802145
41.81072428,109.980214
41.8107251,109.9802135
41.8107267,109.9802125
41.81072794,109.9802118
41.81072877,109.9802113
41.8107296,109.9802108
41.8107312,109.9802098
41.81073242,109.9802091
41.81073326,109.9802086
41.8107341,109.9802081
41.8107357,109.9802071
41.8107369,109.9802064
41.8107385,109.9802054
41.81073935,109.9802049
41.8107402,109.9802044
41.81074138,109.9802037
41.810743,109.9802027
41.81074385,109.9802022
41.8107447,109.9802017
41.81074586,109.980201
41.81074668,109.9802005
41.8107475,109.9802
41.8107491,109.980199
41.81075033,109.9801983
41.81075116,109.9801978
41.810752,109.9801973
41.8107536,109.9801963
41.81075481,109.9801956
41.81075565,109.9801951
41.8107565,109.9801946
41.8107581,109.9801936
41.81075929,109.9801929
41.8107593,109.9801905
41.81075927,109.9801903
41.81076008,109.9801897
41.8107609,109.9801892
41.8107625,109.9801881
41.81076375,109.9801872
41.81076457,109.9801867
41.8107654,109.9801862
41.810767,109.9801852
41.81076823,109.9801845
41.81076906,109.980184
41.8107699,109.9801835
41.8107715,109.9801825
41.8107727,109.9801818
41.8107743,109.9801807
41.8107759,109.9801796
41.81077718,109.9801787
41.8107788,109.9801777
41.81077965,109.9801772
41.8107805,109.9801767
41.81078166,109.980176
41.81078248,109.9801755
41.8107833,109.980175
41.8107849,109.980174
41.81078614,109.9801733
41.81078697,109.9801728
41.8107878,109.9801723
41.8107894,109.9801713
41.81079062,109.9801706
41.8107922,109.9801695
41.8107938,109.9801684
41.81079509,109.9801675
41.8107967,109.9801665
41.81079755,109.980166
41.8107984,109.9801655
41.81079957,109.9801648
41.8107996,109.9801624
41.81079955,109.9801622
41.81080037,109.9801617
41.8108012,109.9801612
41.8108028,109.9801602
41.81080403,109.9801595
41.8108056,109.9801584
41.8108072,109.9801573
41.81080851,109.9801564
41.81080935,109.9801559
41.8108102,109.9801554
41.8108118,109.9801544
41.81081299,109.9801537
41.8108146,109.9801527
41.81081545,109.9801522
41.8108163,109.9801517
41.81081747,109.980151
41.81081828,109.9801504
41.8108191,109.9801499
41.8108207,109.9801488
41.81082194,109.9801479
41.81082277,109.9801474
41.8108236,109.9801469
41.8108252,109.9801459
41.81082642,109.9801452
41.81082726,109.9801447
41.8108281,109.9801442
41.8108297,109.9801432
41.8108309,109.9801425
41.8108325,109.9801415
41.81083335,109.980141
41.8108342,109.9801405
41.81083538,109.9801398
41.8108354,109.9801374
41.81083535,109.9801368
41.81083617,109.9801363
41.810837,109.9801358
41.8108386,109.9801348
41.81083983,109.9801341
41.81084066,109.9801336
41.8108415,109.9801331
41.8108431,109.9801321
41.81084431,109.9801313
41.81084515,109.9801308
41.810846,109.9801303
41.8108476,109.9801293
41.81084879,109.9801286
41.81084959,109.980128
41.8108504,109.9801275
41.810852,109.9801264
41.81085327,109.9801256
41.8108549,109.9801246
41.81085575,109.9801241
41.8108566,109.9801236
41.81085775,109.9801229
41.81085862,109.9801226
41.8108595,109.9801223
41.8108612,109.9801217
41.81086224,109.9801213
41.81086312,109.980121
41.810864,109.9801207
41.8108657,109.9801201
41.81086673,109.9801197
41.8108684,109.980119
41.8108693,109.9801186
41.8108702,109.9801182
41.81087121,109.9801178
41.8108729,109.9801172
41.8108738,109.9801169
41.8108747,109.9801166
41.8108757,109.9801162
41.81087655,109.9801158
41.8108774,109.9801154
41.8108791,109.9801147
41.81088019,109.9801142
41.8108819,109.9801136
41.8108828,109.9801133
41.8108837,109.980113
41.81088468,109.9801127
41.8108864,109.9801121
41.8108873,109.9801118
41.8108882,109.9801115
41.81088917,109.9801111
41.81089003,109.9801107
41.8108909,109.9801103
41.8108926,109.9801096
41.81089365,109.9801091
41.81089452,109.9801088
41.8108954,109.9801085
41.8108971,109.9801079
41.81089814,109.9801075
41.81089812,109.9801057
41.8108998,109.9801049
41.8109015,109.9801042
41.81090261,109.9801037
41.8109043,109.9801031
41.8109052,109.9801028
41.8109061,109.9801025
41.8109071,109.9801021
41.8109088,109.9801014
41.81090965,109.980101
41.8109105,109.9801006
41.81091159,109.9801002
41.81091244,109.9800998
41.8109133,109.9800994
41.810915,109.9800987
41.81091607,109.9800982
41.81091693,109.9800978
41.8109178,109.9800975
41.81091865,109.9800971
41.8109195,109.9800967
41.81092056,109.9800963
41.81092143,109.9800959
41.8109223,109.9800955
41.810924,109.9800948
41.81092504,109.9800943
41.81092592,109.980094
41.8109268,109.9800937
41.8109285,109.9800931
41.81092953,109.9800928
41.8109312,109.980092
41.8109329,109.9800913
41.81093402,109.9800908
41.8109357,109.98009
41.8109374,109.9800893
41.81093851,109.9800888
41.8109402,109.9800881
41.81094105,109.9800877
41.8109419,109.9800873
41.81094299,109.9800869
41.81094384,109.9800865
41.8109447,109.9800861
41.8109464,109.9800854
41.81094748,109.9800849
41.8109492,109.9800843
41.8109501,109.980084
41.810951,109.9800837
41.81095197,109.9800834
41.81095283,109.980083
41.8109537,109.9800826
41.8109554,109.9800819
41.81095645,109.9800814
41.81095732,109.980081
41.8109582,109.9800807
41.81095905,109.9800803
41.8109599,109.9800799
41.81096094,109.9800795
41.8109626,109.9800787
41.8109635,109.9800783
41.8109644,109.980078
41.81096543,109.9800775
41.81096631,109.9800772
41.8109672,109.9800769
41.8109689,109.9800763
41.81096991,109.9800759
41.8109716,109.9800752
41.81097245,109.9800748
41.8109733,109.9800744
41.8109744,109.980074
41.81097525,109.9800736
41.8109761,109.9800732
41.8109778,109.9800725
41.81097889,109.980072
41.8109806,109.9800714
41.8109815,109.9800711
41.8109824,109.9800708
41.81098338,109.9800705
41.81098424,109.9800701
41.8109851,109.9800697
41.8109868,109.980069
41.81098786,109.9800685
41.81098873,109.9800681
41.8109896,109.9800677
41.8109913,109.980067
41.81099235,109.9800665
41.81099233,109.980065
41.810994,109.9800643
41.8109949,109.9800639
41.8109958,109.9800635
41.81099682,109.9800631
41.8109985,109.9800623
41.8110002,109.9800616
41.81100131,109.9800611
41.8110022,109.9800608
41.8110031,109.9800606
41.8110048,109.9800602
41.8110058,109.9800599
41.8110067,109.9800598
41.8110076,109.9800597
41.8110085,109.9800596
41.8110094,109.9800596
41.8110103,109.9800595
41.8110121,109.9800595
41.811013,109.9800594
41.8110139,109.9800594
41.8110148,109.9800594
41.8110157,109.9800593
41.8110166,109.9800592
41.8110175,109.9800591
41.8110184,109.9800591
41.8110193,109.980059
41.8110202,109.9800589
41.8110211,109.9800588
41.811022,109.9800587
41.8110229,109.9800586
41.8110238,109.9800585
41.8110256,109.9800585
41.8110274,109.9800585
41.8110283,109.9800585
41.8110292,109.9800584
41.8110301,109.9800583
41.811031,109.9800582
41.8110319,109.9800581
41.8110328,109.980058
41.8110346,109.980058
41.8110355,109.9800579
41.8110364,109.9800579
41.81103731,109.9800579
41.8110391,109.9800577
41.81104,109.9800576
41.8110409,109.9800576
41.81104181,109.9800575
41.8110436,109.9800575
41.8110445,109.9800574
41.8110454,109.9800574
41.81104631,109.9800574
41.8110481,109.9800572
41.811049,109.9800571
41.8110499,109.9800571
41.81105081,109.980057
41.8110526,109.980057
41.8110535,109.9800569
41.8110544,109.9800569
41.81105531,109.9800569
41.8110571,109.9800567
41.811058,109.9800566
41.8110589,109.9800565
41.81105981,109.9800564
41.8110616,109.9800562
41.8110625,109.9800561
41.8110634,109.9800561
41.81106431,109.980056
41.8110661,109.980056
41.811067,109.9800559
41.8110679,109.9800559
41.81106881,109.9800559
41.8110706,109.9800559
41.8110724,109.9800559
41.81107331,109.9800559
41.8110751,109.9800561
41.811076,109.9800562
41.8110769,109.9800564
41.81107782,109.9800565
41.8110796,109.9800568
41.8110805,109.9800569
41.8110814,109.9800571
41.81108233,109.9800572
41.8110841,109.9800573
41.811085,109.9800573
41.8110859,109.9800574
41.81108684,109.9800575
41.8110886,109.9800578
41.8110895,109.9800579
41.8110904,109.9800581
41.81109135,109.9800582
41.8110931,109.9800585
41.811094,109.9800586
41.8110949,109.9800588
41.81109586,109.9800589
41.8110976,109.9800592
41.8110985,109.9800593
41.8110994,109.9800595
41.81110037,109.9800596
41.81110128,109.9800597
41.8111022,109.9800598
41.8111031,109.9800599
41.811104,109.9800601
41.81110488,109.9800602
41.81110579,109.9800603
41.8111067,109.9800605
41.8111076,109.9800606
41.8111085,109.9800608
41.81110939,109.9800609
41.81111029,109.980061
41.8111112,109.9800612
41.8111121,109.9800613
41.811113,109.9800615
41.8111139,109.9800616
41.8111148,109.9800617
41.8111157,109.9800619
41.8111166,109.980062
41.8111175,109.9800622
41.81111841,109.9800623
41.8111193,109.9800624
41.8111202,109.9800626
41.8111211,109.9800627
41.811122,109.9800629
41.81112292,109.980063
41.8111247,109.9800633
41.8111256,109.9800634
41.8111265,109.9800636
41.81112742,109.9800637
41.8111292,109.9800639
41.8111301,109.980064
41.811131,109.9800642
41.81113193,109.9800643
41.81113281,109.9800646
41.8111337,109.980065
41.8111354,109.9800657
41.81113645,109.9800661
41.81113727,109.9800666
41.8111381,109.9800672
41.8111397,109.9800682
41.81114098,109.9800691
41.8111426,109.98007
41.81114345,109.9800704
41.8111443,109.9800709
41.81114551,109.9800716
41.81114635,109.980072
41.8111472,109.9800725
41.8111488,109.9800735
41.81115004,109.9800742
41.81115087,109.9800747
41.8111517,109.9800752
41.8111533,109.9800763
41.81115456,109.9800771
41.8111562,109.980078
41.81115705,109.9800785
41.8111579,109.980079
41.81115909,109.9800797
41.8111607,109.9800806
41.81116155,109.9800811
41.8111624,109.9800816
41.81116362,109.9800823
41.8111636,109.9800847
41.81116364,109.9800853
41.8111653,109.9800862
41.81116615,109.9800866
41.811167,109.9800871
41.81116817,109.9800878
41.8111698,109.9800887
41.81117065,109.9800892
41.8111715,109.9800897
41.8111727,109.9800904
41.81117355,109.9800908
41.8111744,109.9800912
41.81117525,109.9800916
41.8111761,109.980092
41.81117722,109.9800926
41.8111789,109.9800934
41.81117975,109.9800938
41.8111806,109.9800942
41.81118174,109.9800948
41.8111834,109.9800956
41.81118425,109.980096
41.8111851,109.9800964
41.81118626,109.980097
41.81118713,109.9800973
41.811188,109.9800977
41.8111897,109.9800984
41.81119078,109.9800988
41.81119164,109.9800992
41.8111925,109.9800996
41.81119335,109.9801
41.8111942,109.9801004
41.81119531,109.980101
41.811197,109.9801018
41.81119785,109.9801022
41.8111987,109.9801026
41.81119983,109.9801031
41.8112015,109.9801039
41.81120235,109.9801043
41.8112032,109.9801047
41.81120435,109.9801053
41.811206,109.9801061
41.81120685,109.9801065
41.8112077,109.9801069
41.81120888,109.9801075
41.81120974,109.9801079
41.8112106,109.9801083
41.81121145,109.9801087
41.8112123,109.9801091
41.8112134,109.9801097
41.81121342,109.980112
41.81121426,109.9801124
41.8112151,109.9801129
41.8112167,109.9801138
41.81121794,109.9801145
41.81121877,109.980115
41.8112196,109.9801155
41.8112212,109.9801166
41.81122247,109.9801174
41.811224,109.9801186
41.8112248,109.9801192
41.8112256,109.9801198
41.81122701,109.9801208
41.8112286,109.9801218
41.81122945,109.9801223
41.8112303,109.9801229
41.81123154,109.9801237
41.8112331,109.9801249
41.8112347,109.980126
41.81123607,109.980127
41.81123688,109.9801275
41.8112377,109.9801281
41.8112393,109.9801291
41.8112406,109.98013
41.8112406,109.9801324
41.81124063,109.9801333
41.8112422,109.9801344
41.81124305,109.9801349
41.8112439,109.9801354
41.81124516,109.9801363
41.8112467,109.9801375
41.8112483,109.9801386
41.81124969,109.9801396
41.8112513,109.9801406
41.8112529,109.9801417
41.81125422,109.9801425
41.8112559,109.9801433
41.81125675,109.9801437
41.8112576,109.9801441
41.81125874,109.9801447
41.8112604,109.9801455
41.81126125,109.9801459
41.8112621,109.9801463
41.81126327,109.9801469
41.81126413,109.9801473
41.811265,109.9801477
41.81126585,109.9801481
41.8112667,109.9801485
41.81126779,109.9801491
41.81126864,109.9801495
41.8112695,109.98015
41.8112711,109.9801509
41.81127231,109.9801516
41.811274,109.9801524
41.81127485,109.9801528
41.8112757,109.9801532
41.81127684,109.9801538
41.8112785,109.9801546
41.81127935,109.980155
41.8112802,109.9801554
41.81128136,109.980156
41.8112814,109.9801584
41.81128138,109.9801587
41.81128224,109.9801591
41.8112831,109.9801595
41.81128395,109.9801599
41.8112848,109.9801603
41.81128591,109.9801608
41.8112876,109.9801616
41.81128845,109.980162
41.8112893,109.9801624
41.81129043,109.980163
41.8112921,109.9801638
41.81129295,109.9801642
41.8112938,109.9801646
41.81129495,109.9801652
41.8112966,109.9801661
41.81129745,109.9801666
41.8112983,109.9801671
41.81129948,109.9801678
41.81130034,109.9801682
41.8113012,109.9801686
41.81130205,109.980169
41.8113029,109.9801694
41.811304,109.98017
41.8113056,109.980171
41.8113072,109.9801721
41.81130853,109.9801729
41.81130931,109.9801735
41.8113101,109.9801741
41.8113117,109.9801752
41.81131306,109.9801762
41.81131388,109.9801767
41.8113147,109.9801772
41.8113163,109.9801783
41.81131759,109.9801791
41.8113176,109.9801815
41.81131762,109.9801822
41.81131841,109.9801828
41.8113192,109.9801834
41.8113208,109.9801845
41.81132215,109.9801855
41.81132297,109.980186
41.8113238,109.9801865
41.8113254,109.9801876
41.81132668,109.9801884
41.8113283,109.9801894
41.8113299,109.9801905
41.81133121,109.9801913
41.811332,109.9801919
41.8113328,109.9801925
41.8113336,109.9801931
41.8113344,109.9801937
41.81133574,109.9801947
41.81133657,109.9801952
41.8113374,109.9801957
41.811339,109.9801968
41.81134027,109.9801976
41.81134108,109.9801981
41.8113419,109.9801987
41.8113434,109.9801999
41.81134481,109.9802009
41.8113448,109.9802033
41.81134483,109.9802039
41.8113464,109.980205
41.81134725,109.9802055
41.8113481,109.980206
41.81134936,109.9802069
41.8113509,109.980208
41.8113517,109.9802086
41.8113525,109.9802092
41.8113539,109.9802102
41.8113554,109.9802115
41.8113562,109.9802121
41.811357,109.9802127
41.81135843,109.9802139
41.8113599,109.9802152
41.8113614,109.9802165
41.81136218,109.9802172
41.81136297,109.9802179
41.811363,109.9802203
41.81136301,109.9802221
41.81136375,109.9802228
41.8113645,109.9802235
41.8113659,109.9802249
41.81136665,109.9802256
41.8113674,109.9802263
41.81136755,109.9802265
41.811369,109.9802278
41.81136975,109.9802285
41.8113705,109.9802292
41.81137129,109.9802299
41.81137209,109.9802306
41.8113721,109.980233
41.81137213,109.9802347
41.81137286,109.9802354
41.8113736,109.9802361
41.811375,109.9802376
41.81137575,109.9802383
41.8113765,109.980239
41.81137667,109.9802392
41.81137743,109.9802398
41.8113782,109.9802405
41.8113797,109.9802418
41.81138045,109.9802425
41.81138121,109.9802432
41.8113827,109.9802445
41.81138345,109.9802452
41.8113842,109.9802459
41.81138497,109.9802466
41.81138575,109.9802473
41.8113858,109.9802497
41.81138579,109.9802518
41.8113873,109.9802531
41.81138805,109.9802538
41.8113888,109.9802545
41.81138956,109.9802552
41.81139033,109.9802559
41.8113918,109.9802572
41.8113933,109.9802585
41.81139408,109.9802592
41.81139487,109.9802599
41.8113949,109.9802623
41.81139491,109.9802644
41.8113964,109.9802657
41.81139715,109.9802664
41.8113979,109.9802671
41.81139867,109.9802678
41.81139945,109.9802685
41.8114009,109.9802699
41.8114023,109.9802714
41.81140305,109.9802721
41.8114038,109.9802728
41.81140399,109.980273
41.8114055,109.9802743
41.811407,109.9802756
41.81140776,109.9802763
41.81140853,109.980277
41.8114086,109.9802794
41.81140857,109.9802812
41.81141,109.9802826
41.81141075,109.9802833
41.8114115,109.980284
41.8114129,109.9802854
41.81141311,109.9802856
41.8114146,109.9802869
41.81141535,109.9802876
41.8114161,109.9802883
41.81141687,109.980289
41.81141765,109.9802897
41.8114177,109.9802921
41.81141769,109.9802938
41.8114191,109.9802952
41.81141985,109.9802959
41.8114206,109.9802967
41.811422,109.9802981
41.81142223,109.9802983
41.8114237,109.9802996
41.8114252,109.9803009
41.81142598,109.9803016
41.81142677,109.9803023
41.8114268,109.9803047
41.81142681,109.9803068
41.81142755,109.9803075
41.8114283,109.9803082
41.8114297,109.9803097
41.8114311,109.9803111
41.81143135,109.9803113
41.81143212,109.9803119
41.8114329,109.9803126
41.8114344,109.9803139
41.81143514,109.9803146
41.81143589,109.9803153
41.8114359,109.9803177
41.81143593,109.9803199
41.8114374,109.9803212
41.8114389,109.9803225
41.81143968,109.9803232
41.81144047,109.9803239
41.8114419,109.9803253
41.81144265,109.980326
41.8114434,109.9803268
41.8114448,109.9803282
41.81144501,109.9803284
41.81144575,109.9803291
41.8114465,109.9803298
41.8114479,109.9803312
41.81144865,109.9803319
41.8114494,109.9803326
41.81144956,109.9803328
41.8114496,109.9803352
41.81144959,109.9803369
41.811451,109.9803383
41.81145175,109.980339
41.8114525,109.9803398
41.8114539,109.9803412
41.81145414,109.9803414
41.8114556,109.9803428
41.81145635,109.9803435
41.8114571,109.9803442
41.8114585,109.9803456
41.81145868,109.9803458
41.8114587,109.9803482
41.81145871,109.98035
41.81145945,109.9803507
41.8114602,109.9803514
41.8114616,109.9803528
41.81146235,109.9803535
41.8114631,109.9803542
41.81146326,109.9803544
41.81146403,109.980355
41.8114648,109.9803557
41.8114662,109.9803571
41.811467,109.9803578
41.8114678,109.9803585
41.8114678,109.9803609
41.81146784,109.980363
41.8114693,109.9803644
41.81147005,109.9803651
41.8114708,109.9803658
41.8114722,109.9803672
41.81147238,109.9803674
41.81147314,109.980368
41.8114739,109.9803687
41.81147465,109.9803694
41.8114754,109.9803701
41.81147616,109.9803708
41.81147692,109.9803715
41.8114769,109.9803739
41.81147696,109.980376
41.8114784,109.9803774
41.81147915,109.9803781
41.8114799,109.9803789
41.8114813,109.9803803
41.8114815,109.9803805
41.811483,109.9803818
41.8114845,109.9803831
41.81148527,109.9803838
41.81148604,109.9803845
41.8114861,109.9803869
41.81148608,109.980389
41.81148684,109.9803896
41.8114876,109.9803903
41.81148835,109.980391
41.8114891,109.9803917
41.81148986,109.9803924
41.81149062,109.9803931
41.81149136,109.9803938
41.8114921,109.9803945
41.8114935,109.9803959
41.81149425,109.9803966
41.811495,109.9803973
41.81149516,109.9803975
41.8114952,109.9803999
41.8114952,109.9804011
41.81149521,109.9804024
41.81149595,109.9804031
41.8114967,109.9804038
41.8114981,109.9804053
41.8114995,109.9804067
41.81149975,109.9804069
41.81150047,109.9804076
41.8115012,109.9804084
41.8115026,109.9804099
41.811504,109.9804114
41.8115043,109.9804117
41.8115043,109.9804141
41.81150434,109.9804162
41.8115058,109.9804176
41.8115072,109.9804191
41.81150795,109.9804198
41.8115087,109.9804205
41.81150888,109.9804207
41.81150959,109.9804214
41.8115103,109.9804222
41.8115117,109.9804237
41.8115131,109.9804252
41.81151343,109.9804255
41.8115135,109.9804279
41.81151347,109.98043
41.8115149,109.9804314
41.81151565,109.9804321
41.8115164,109.9804328
41.8115178,109.9804342
41.81151801,109.9804344
41.8115194,109.9804359
41.8115208,109.9804374
41.81152155,109.9804381
41.8115223,109.9804389
41.81152256,109.9804392
41.8115226,109.9804416
41.8115226,109.9804438
41.811524,109.9804453
41.8115254,109.9804468
41.8115268,109.9804483
41.81152714,109.9804486
41.8115272,109.980451
41.81152718,109.9804527
41.81152794,109.9804533
41.8115287,109.980454
41.81152945,109.9804547
41.8115302,109.9804554
41.81153096,109.9804561
41.81153172,109.9804568
41.81153251,109.9804574
41.8115333,109.9804581
41.8115348,109.9804593
41.81153625,109.9804605
41.8115379,109.9804614
41.81153875,109.9804618
41.8115396,109.9804623
41.81154078,109.980463
41.8115425,109.9804636
41.8115434,109.9804639
41.8115443,109.9804642
41.8115453,109.9804645
41.811547,109.9804652
41.8115479,109.9804655
41.8115488,109.9804659
41.81154982,109.9804663
41.8115515,109.980467
41.8115524,109.9804673
41.8115533,109.9804677
41.81155433,109.9804681
41.81155521,109.9804683
41.8115561,109.9804686
41.8115578,109.9804692
41.81155885,109.9804695
41.81155972,109.9804698
41.8115606,109.9804702
41.8115623,109.9804709
41.81156337,109.9804713
41.8115651,109.9804719
41.811566,109.9804722
41.8115669,109.9804725
41.81156789,109.9804728
41.8115696,109.9804735
41.8115713,109.9804742
41.81157241,109.9804746
41.8115741,109.9804738
41.8115758,109.9804731
41.81157689,109.9804726
41.81157688,109.9804711
41.8115786,109.9804705
41.8115795,109.9804702
41.8115804,109.9804699
41.81158137,109.9804695
41.81158223,109.9804691
41.8115831,109.9804688
41.81158395,109.9804684
41.8115848,109.980468
41.81158585,109.9804676
41.81158672,109.9804673
41.8115876,109.980467
41.8115893,109.9804664
41.81159034,109.980466
41.81159122,109.9804657
41.8115921,109.9804654
41.8115938,109.9804648
41.81159483,109.9804644
41.8115965,109.9804637
41.8115974,109.9804633
41.8115983,109.9804629
41.81159932,109.9804625
41.81160021,109.9804622
41.8116011,109.9804619
41.8116028,109.9804613
41.81160381,109.9804609
41.8116055,109.9804603
41.8116064,109.98046
41.8116073,109.9804597
41.8116083,109.9804593
41.8116092,109.980459
41.8116101,109.9804588
41.8116118,109.9804584
41.81161279,109.9804581
41.81161369,109.9804581
41.8116146,109.9804581
41.8116164,109.9804581
41.81161729,109.9804581
41.81161819,109.9804581
41.8116191,109.9804582
41.81162,109.9804582
41.8116209,109.9804583
41.8116218,109.9804584
41.8116236,109.9804584
41.8116245,109.9804583
41.8116254,109.9804583
41.8116263,109.9804583
41.8116281,109.9804583
41.811629,109.9804582
41.8116299,109.9804582
41.81163081,109.9804582
41.8116326,109.9804582
41.8116344,109.9804582
41.81163531,109.9804582
41.8116371,109.9804582
41.811638,109.9804581
41.8116389,109.9804581
41.81163981,109.9804581
41.8116416,109.9804581
41.8116425,109.980458
41.8116434,109.980458
41.81164431,109.980458
41.8116461,109.9804581
41.811647,109.9804581
41.8116479,109.9804582
41.81164882,109.9804583
41.8116506,109.9804583
41.8116515,109.9804582
41.8116524,109.9804582
41.81165332,109.9804582
41.8116551,109.9804582
41.8116569,109.9804582
41.81165783,109.9804582
41.8116596,109.9804582
41.8116605,109.9804581
41.8116614,109.9804581
41.81166233,109.9804581
41.8116641,109.9804581
41.811665,109.980458
41.8116659,109.980458
41.81166683,109.980458
41.8116686,109.9804581
41.8116695,109.9804581
41.8116704,109.9804582
41.81167134,109.9804583
41.8116731,109.9804583
41.8116749,109.9804583
41.81167584,109.9804583
41.8116776,109.9804583
41.8116785,109.9804582
41.8116794,109.9804582
41.81168034,109.9804582
41.8116821,109.9804582
41.811683,109.9804581
41.8116839,109.9804581
41.81168485,109.9804581
41.81168577,109.9804581
41.8116867,109.9804581
41.8116876,109.980458
41.8116885,109.980458
41.81168935,109.980458
41.81169027,109.980458
41.8116912,109.980458
41.811693,109.980458
41.81169385,109.980458
41.8116956,109.9804581
41.8116965,109.9804581
41.8116974,109.9804582
41.81169836,109.9804583
41.81169928,109.9804583
41.8117002,109.9804583
41.8117011,109.9804582
41.811702,109.9804582
41.81170286,109.9804582
41.81170378,109.9804582
41.8117047,109.9804582
41.8117056,109.9804581
41.8117065,109.9804581
41.81170736,109.9804581
41.81170828,109.9804581
41.8117092,109.9804581
41.811711,109.9804581
41.81171187,109.9804581
41.81171278,109.9804581
41.8117137,109.9804581
41.8117146,109.980458
41.8117155,109.980458
41.81171637,109.980458
41.81171728,109.980458
41.8117182,109.9804581
41.8117191,109.9804581
41.81172,109.9804582
41.81172087,109.9804583
41.81172178,109.9804583
41.8117227,109.9804583
41.8117236,109.9804582
41.8117245,109.9804582
41.81172538,109.9804582
41.81172629,109.9804582
41.8117272,109.9804582
41.811729,109.9804582
41.81172988,109.9804582
41.81173079,109.9804582
41.8117317,109.9804582
41.8117326,109.9804581
41.8117335,109.9804581
41.81173438,109.9804581
41.81173529,109.9804581
41.8117362,109.9804581
41.8117371,109.980458
41.811738,109.980458
41.81173888,109.980458
41.81173979,109.980458
41.8117407,109.980458
41.8117416,109.9804579
41.8117425,109.9804579
41.81174339,109.9804579
41.81174429,109.9804579
41.8117452,109.980458
41.8117461,109.980458
41.811747,109.9804581
41.81174789,109.9804582
41.81174879,109.9804582
41.8117497,109.9804582
41.8117515,109.9804582
41.8117524,109.9804582
41.8117542,109.9804582
41.8117551,109.9804581
41.811756,109.9804581
41.8117569,109.9804581
41.8117587,109.9804581
41.8117596,109.980458
41.8117605,109.980458
41.8117614,109.980458
41.8117632,109.980458
41.811765,109.980458
41.8117659,109.980458
41.8117668,109.980458
41.8117677,109.9804581
41.8117686,109.9804581
41.8117695,109.9804582
41.81177041,109.9804583
41.8117722,109.9804583
41.8117731,109.9804582
41.811774,109.9804582
41.81177491,109.9804582
41.8117767,109.9804582
41.8117776,109.9804581
41.8117785,109.9804581
41.81177942,109.9804581
41.8117812,109.9804581
41.811783,109.9804581
41.81178392,109.9804581
41.8117857,109.9804581
41.8117866,109.980458
41.8117875,109.980458
41.81178842,109.980458
41.8117902,109.980458
41.8117911,109.9804579
41.811792,109.9804579
41.81179292,109.9804579
41.8117947,109.980458
41.8117956,109.980458
41.8117965,109.9804581
41.81179743,109.9804582
41.8117992,109.9804582
41.8118001,109.9804581
41.811801,109.9804581
41.81180193,109.9804581
41.8118037,109.9804581
41.8118055,109.9804581
41.81180644,109.9804581
41.8118082,109.9804576
41.8118091,109.9804574
41.81181,109.9804572
41.81181093,109.9804569
41.81181181,109.9804566
41.8118127,109.9804564
41.8118136,109.9804562
41.8118145,109.980456
41.81181542,109.9804557
41.81181631,109.9804554
41.8118172,109.9804552
41.8118181,109.980455
41.811819,109.9804548
41.81181991,109.9804545
41.8118208,109.9804542
41.8118217,109.980454
41.8118234,109.9804536
41.81182441,109.9804533
41.8118253,109.980453
41.8118262,109.9804528
41.8118279,109.9804524
41.8118289,109.9804521
41.8118298,109.9804518
41.8118307,109.9804516
41.81183074,109.9804516
