-4.19942
-4.20847
-4.21889
-4.22936
-4.24435
-4.25992
-4.27554
-4.29322
-4.31198
-4.28842
-4.26783
-4.25244
-4.24229
-4.23744
-4.23789
-4.24364
-4.25386
-4.26461
-4.27419
-4.2816
-4.29387
-4.31041
-4.32748
-4.34241
-4.36153
-4.38111
-4.39799
-4.41358
-4.43384
-4.45231
-4.46807
-4.4852
-4.50339
-4.51902
-4.53792
-4.55703
-4.5735
-4.59064
-4.59848
-4.57475
-4.55584
-4.54109
-4.52978
-4.51887
-4.52436
-4.52427
-4.53224
-4.52987
-4.5456
-4.55456
-4.57316
-4.58371
-4.60118
-4.60877
-4.62521
-4.62521
-4.64061
-4.65564
-4.67795
-4.69531
-4.70271
-4.69065
-4.6503
-4.61869
-4.60228
-4.58114
-4.57599
-4.57256
-4.5805
-4.58529
-4.59083
-4.59787
-4.6149
-4.62251
-4.62462
-4.63727
-4.63951
-4.65711
-4.66591
-4.67692
-4.69247
-4.70424
-4.70963
-4.72022
-4.68396
-4.64721
-4.61249
-4.58632
-4.57598
-4.56745
-4.56675
-4.57532
-4.57738
-4.57918
-4.5957
-4.6112
-4.61794
-4.63044
-4.63858
-4.64464
-4.66808
-4.68326
-4.68738
-4.69234
-4.7014
-4.71515
-4.70748
-4.66524
-4.62507
-4.60657
-4.58326
-4.57585
-4.57022
-4.58097
-4.60173
-4.61264
-4.6313
-4.65292
-4.66808
-4.67243
-4.6799
-4.6936
-4.7104
-4.71999
-4.73514
-4.74768
-4.73112
-4.69093
-4.65941
-4.63616
-4.62182
-4.61652
-4.62537
-4.63278
-4.64021
-4.65755
-4.67324
-4.6863
-4.70606
-4.71703
-4.72544
-4.73484
-4.75181
-4.7678
-4.77956
-4.78697
-4.79364
-4.81201
-4.82007
-4.8032
-4.77439
-4.7469
-4.72811
-4.72386
-4.72235
-4.72967
-4.74207
-4.74747
-4.76138
-4.77738
-4.795
-4.81681
-4.82342
-4.83303
-4.84583
-4.86422
-4.88399
-4.89609
-4.90756
-4.91579
-4.93128
-4.92598
-4.88538
-4.85309
-4.83564
-4.81301
-4.80589
-4.82003
-4.83005
-4.84988
-4.86794
-4.88378
-4.89547
-4.90099
-4.91964
-4.9295
-4.9447
-4.97057
-4.98819
-5.00381
-5.01636
-5.00234
-4.97778
-4.9478
-4.93243
-4.91884
-4.92649
-4.92968
-4.94118
-4.956
-4.96817
-4.98586
-5.00859
-5.02812
-5.04519
-5.05268
-5.05813
-5.07898
-5.0954
-5.10281
-5.10792
-5.11868
-5.13534
-5.15225
-5.10989
-5.07544
-5.05556
-5.03702
-5.01962
-5.02288
-5.02872
-5.04289
-5.05413
-5.07391
-5.08524
-5.10156
-5.11275
-5.12046
-5.12248
-5.1343
-5.15175
-5.15934
-5.1719
-5.18431
-5.18499
-5.20066
-5.18275
-5.14496
-5.11399
-5.08419
-5.06923
-5.05532
-5.05455
-5.0637
-5.07341
-5.09058
-5.10036
-5.11683
-5.13248
-5.15162
-5.16058
-5.1802
-5.19018
-5.20697
-5.21992
-5.24106
-5.24989
-5.26402
-5.26401
-5.25512
-5.21529
-5.18973
-5.17216
-5.15549
-5.1466
-5.15798
-5.16451
-5.18335
-5.19095
-5.20961
-5.23072
-5.24223
-5.24963
-5.25268
-5.26689
-5.28096
-5.29612
-5.3085
-5.32775
-5.33536
-5.34867
-5.36501
-5.33047
-5.30274
-5.27591
-5.26372
-5.25219
-5.24834
-5.25932
-5.26672
-5.2669
-5.27214
-5.29107
-5.29902
-5.32275
-5.33082
-5.34296
-5.35389
-5.36307
-5.3748
-5.392
-5.39982
-5.41114
-5.42365
-5.43877
-5.44243
-5.44049
-5.41049
-5.38192
-5.34098
-5.32082
-5.30813
-5.30308
-5.29805
-5.30773
-5.31692
-5.32684
-5.33571
-5.34687
-5.36591
-5.36727
-5.37738
-5.36479
-5.36557
-5.36075
-5.37026
-5.37162
-5.37716
-5.38207
-5.36649
-5.3217
-5.29076
-5.25424
-5.23134
-5.22315
-5.21026
-5.21015
-5.21373
-5.20923
-5.20315
-5.19397
-5.18472
-5.19322
-5.19626
-5.19528
-5.19717
-5.19717
-5.21025
-5.20921
-5.20923
-5.21508
-5.21983
-5.22185
-5.22339
-5.22219
-5.19508
-5.15642
-5.11899
-5.09541
-5.07404
-5.06605
-5.06569
-5.06889
-5.07994
-5.07993
-5.09064
-5.09067
-5.10458
-5.09617
-5.09943
-5.09429
-5.09178
-5.10666
-5.11181
-5.1102
-5.10648
-5.10591
-5.09825
-5.10127
-5.08151
-5.07375
-5.06322
-5.06764
-5.07249
-5.0709
-5.07402
-5.06703
-5.06508
-5.04523
-4.98839
-4.93207
-4.87758
-4.83671
-4.80377
-4.78647
-4.76986
-4.75503
-4.74891
-4.71689
-4.69484
-4.66792
-4.63119
-4.6117
-4.58762
-4.56401
-4.52858
-4.49655
-4.46248
-4.42646
-4.38798
-4.33685
-4.29016
-4.25273
-4.22789
-4.20913
-4.19922
-4.19061
-4.18924
-4.17155
-4.16708
-4.15276
-4.1364
-4.13562
-4.12273
-4.09316
-4.07079
-4.05381
-4.04492
-4.03567
-4.01292
-3.98289
-3.96466
-3.93942
-3.91322
-3.87351
-3.84399
-3.80805
-3.78249
-3.7483
-3.71967
-3.69898
-3.68081
-3.67357
-3.67736
-3.69215
-3.7079
-3.72638
-3.74856
-3.75733
-3.77376
-3.77452
-3.78356
-3.78743
-3.78833
-3.78014
-3.76967
-3.77954
-3.78952
-3.79129
-3.78479
-3.78306
-3.77324
-3.773
-3.75476
-3.73846
-3.71971
-3.70053
-3.69507
-3.68988
-3.69566
-3.70423
-3.72086
-3.73583
-3.75526
-3.78531
-3.81274
-3.86296
-3.91631
-3.97945
-4.04418
-4.11933
-4.19495
-4.21627
-4.21308
-4.22159
-4.23865
-4.24048
-4.2522
-4.25644
-4.26425
-4.28137
-4.30766
-4.34295
-4.38137
-4.42886
-4.49026
-4.54563
-4.56629
-4.57672
-4.58934
-4.61063
-4.63494
-4.67341
-4.72007
-4.76997
-4.83251
-4.90242
-4.97941
-5.03144
-5.08634
-5.12657
-5.13063
-5.13492
-5.14111
-5.16069
-5.19644
-5.23098
-5.26801
-5.31693
-5.36848
-5.42712
-5.45809
-5.49615
-5.51205
-5.5
-5.50288
-5.50491
-5.51708
-5.53334
-5.55154
-5.57693
-5.60941
-5.64887
-5.69133
-5.73261
-5.75776
-5.77592
-5.81476
-5.8465
-5.89493
-5.93493
-5.95157
-5.98873
-6.01857
-6.06489
-6.11121
-6.1568
-6.21194
-6.273
-6.32914
-6.39914
-6.44522
-6.48223
-6.49853
-6.53479
-6.56319
-6.59755
-6.627
-6.64284
-6.66466
-6.68837
-6.71228
-6.75172
-6.76745
-6.78836
-6.8151
-6.84757
-6.87321
-6.88315
-6.90358
-6.92001
-6.9478
-6.97526
-6.98497
-7.00495
-7.0265
-7.04808
-7.08491
-7.13731
-7.18505
-7.2411
-7.21681
-7.146
-7.07256
-6.99417
-6.91333
-6.82881
-6.74742
-6.67848
-6.61491
-6.55681
-6.51781
-6.4713
-6.43065
-6.39604
-6.36755
-6.31107
-6.23346
-6.15532
-6.07626
-6.00099
-5.93158
-5.87499
-5.82427
-5.78703
-5.74935
-5.71936
-5.7027
-5.68503
-5.62917
-5.56146
-5.49044
-5.41916
-5.34826
-5.29152
-5.24187
-5.19954
-5.16469
-5.13751
-5.11034
-5.09844
-5.06367
-4.99722
-4.92837
-4.85677
-4.78131
-4.71788
-4.66194
-4.59802
-4.54154
-4.48628
-4.43195
-4.39241
-4.36177
-4.34028
-4.32801
-4.32506
-4.26589
-4.20735
-4.14896
-4.07763
-4.01679
-3.95277
-3.89801
-3.85972
-3.83163
-3.8072
-3.79331
-3.79005
-3.77746
-3.69848
-3.61789
-3.53414
-3.45634
-3.36863
-3.28662
-3.19908
-3.11683
-3.03026
-2.94351
-2.86913
-2.79131
-2.71519
-2.63706
-2.54982
-2.46819
-2.40138
-2.35805
-2.33109
-2.32117
-2.26536
-2.19525
-2.12998
-2.05603
-1.98873
-1.91527
-1.84819
-1.76203
-1.68094
-1.60342
-1.52871
-1.45534
-1.39435
-1.33128
-1.27689
-1.21702
-1.16243
-1.10004
-1.04639
-0.997592
-0.939021
-0.883411
-0.82155
-0.762736
-0.706944
-0.65599
-0.610359
-0.570086
-0.527467
-0.487473
-0.444779
-0.395375
-0.352859
-0.315213
-0.274009
-0.248889
-0.221686
-0.170449
-0.167173
-0.108255
-0.191724
-0.201398
-0.179685
-0.151528
-0.117055
-0.0967532
-0.0748401
-0.0564722
-0.0202505
-0.0300816
-0.0328129
-0.0601446
-0.0820753
-0.126674
-0.130328
-0.150232
-0.155836
-0.187452
-0.185336
-0.195016
-0.202865
-0.213035
-0.201391
-0.193005
-0.193658
-0.193654
-0.186425
-0.169827
-0.153532
-0.155445
-0.111823
-0.0940017
-0.0731177
-0.0558499
-0.0213843
-0.0672738
-0.117103
-0.166237
-0.192207
-0.227517
-0.273382
-0.421849
-0.527465
-0.572207
-0.614684
-0.646513
-0.697055
-0.739773
-0.795067
-0.854457
-0.932468
-1.00839
-1.06886
-1.13511
-1.20538
-1.27183
-1.3458
-1.42952
-1.51025
-1.59585
-1.68192
-1.7617
-1.83776
-1.92739
-2.01791
-2.11036
-2.19867
-2.28022
-2.35659
-2.4439
-2.51794
-2.59828
-2.67836
-2.77071
-2.8814
-2.99462
-3.12345
-3.25267
-3.37148
-3.47185
-3.56919
-3.66037
-3.75904
-3.85007
-3.95427
-4.04787
-4.13862
-4.24222
-4.34862
-4.4494
-4.55463
-4.65703
-4.75515
-4.85404
-4.94594
-5.05179
-5.15415
-5.25939
-5.36442
-5.48458
-5.59804
-5.69213
-5.80077
-5.90288
-6.00877
-6.12104
-6.22589
-6.33925
-6.45261
-6.58204
-6.70294
-6.83982
-6.96739
-7.11091
-7.24456
-7.39391
-7.53979
-7.67531
-7.78599
-7.89993
-8.0288
-8.15305
-8.27775
-8.40952
-8.52557
-8.64205
-8.75889
-8.87411
-8.98731
-9.11251
-9.22683
-9.34391
-9.46804
-9.59806
-9.71012
-9.8338
-9.95591
-10.0737
-10.1927
-10.3219
-10.4487
-10.5729
-10.7066
-10.8304
-10.9632
-11.0903
-11.2272
-11.3572
-11.4932
-11.6264
-11.769
-11.9059
-12.0445
-12.19
-12.3319
-12.4827
-12.6266
-12.7489
-12.8807
-13.0099
-13.134
-13.2597
-13.3949
-13.5153
-13.6369
-13.7543
-13.865
-13.9853
-14.1114
-14.2353
-14.3686
-14.4949
-14.6205
-14.7448
-14.867
-14.9908
-15.1153
-15.2439
-15.3614
-15.4823
-15.6031
-15.7292
-15.852
-15.9762
-16.102
-16.2368
-16.3654
-16.5075
-16.6181
-16.7262
-16.8278
-16.9361
-17.0276
-17.1208
-17.2181
-17.315
-17.4136
-17.5059
-17.6107
-17.7207
-17.8191
-17.9193
-18.0221
-18.1184
-18.2113
-18.3053
-18.4088
-18.5045
-18.6038
-18.7024
-18.8027
-18.9027
-19.004
-19.0961
-19.198
-19.2838
-19.3789
-19.4653
-19.5615
-19.6616
-19.7528
-19.8481
-19.9505
-20.0435
-20.1294
-20.2077
-20.2777
-20.3495
-20.4218
-20.4941
-20.5652
-20.6394
