-2.08076e-10
6.22035e-08
4.36679e-07
1.18041e-06
2.28694e-06
3.74982e-06
5.5626e-06
7.71883e-06
1.02121e-05
1.30359e-05
1.61838e-05
1.96494e-05
2.34262e-05
2.75077e-05
3.18875e-05
3.65592e-05
4.15161e-05
4.67519e-05
5.226e-05
5.80338e-05
6.4067e-05
7.03527e-05
7.68846e-05
8.3656e-05
9.06602e-05
9.78906e-05
0.00010534
0.000113003
0.000120872
0.000128939
0.000137199
0.000145645
0.000154269
0.000163064
0.000172023
0.00018114
0.000190407
0.000199817
0.000209362
0.000219035
0.000228829
0.000238736
0.000248748
0.000258858
0.000269058
0.000279339
0.000289695
0.000300116
0.000310595
0.000321123
0.000331692
0.000342293
0.000352917
0.000363556
0.000374201
0.000384842
0.000395471
0.000406077
0.000416652
0.000427185
0.000437668
0.000448089
0.000458438
0.000468706
0.000478882
0.000488954
0.000498913
0.000508746
0.000518444
0.000527993
0.000537384
0.000546603
0.000555638
0.000564479
0.00057311
0.000581522
0.000589699
0.000597629
0.000605299
0.000612695
0.000619803
0.000626609
0.000633099
0.000639258
0.000645071
0.000650524
0.0006556
0.000660285
0.000664562
0.000668415
0.000671829
0.000674785
0.000677268
0.000679261
0.000680745
0.000681703
0.000682117
0.000681969
0.000681241
0.000679913
0.000677966
0.000675381
0.000672139
0.000668219
0.000663602
0.000658267
0.000652192
0.000645358
0.000637743
0.000629325
0.000620083
0.000609995
0.000599037
0.000587189
0.000574426
0.000560726
0.000546066
0.000530422
0.000513769
0.000496086
0.000477346
0.000457526
0.0004366
0.000414545
0.000391335
0.000366944
0.000341348
0.000314521
0.000286437
0.00025707
0.000226395
0.000194384
0.000161012
0.000126252
9.00788e-05
5.24645e-05
1.3383e-05
-2.71924e-05
-6.92883e-05
-0.000112931
-0.000158148
-0.000204966
-0.000253411
-0.00030351
-0.000355288
-0.000408774
-0.000463993
-0.000520971
-0.000579734
-0.000640309
-0.00070272
-0.000766994
-0.000833155
-0.000901229
-0.000971241
-0.00104321
-0.00111717
-0.00119314
-0.00127114
-0.0013512
-0.00143333
-0.00151756
-0.00160392
-0.00169241
-0.00178307
-0.00187591
-0.00197095
-0.00206821
-0.00216771
-0.00226946
-0.00237348
-0.00247978
-0.00258838
-0.00269929
-0.00281253
-0.0029281
-0.00304602
-0.00316629
-0.00328893
-0.00341394
-0.00354132
-0.00367108
-0.00380323
-0.00393776
-0.00407467
-0.00421397
-0.00435565
-0.0044997
-0.00464613
-0.00479492
-0.00494606
-0.00509954
-0.00525534
-0.00541347
-0.00557388
-0.00573658
-0.00590153
-0.0060687
-0.00623809
-0.00640965
-0.00658336
-0.00675918
-0.00693708
-0.00711702
-0.00729896
-0.00748285
-0.00766865
-0.00785631
-0.00804578
-0.00823699
-0.00842991
-0.00862445
-0.00882056
-0.00901816
-0.0092172
-0.00941758
-0.00961924
-0.00982209
-0.010026
-0.010231
-0.0104369
-0.0106436
-0.010851
-0.0110591
-0.0112676
-0.0114765
-0.0116857
-0.0118951
-0.0121045
-0.0123137
-0.0125227
-0.0127313
-0.0129394
-0.0131468
-0.0133533
-0.0135588
-0.0137632
-0.0139661
-0.0141676
-0.0143673
-0.0145652
-0.0147609
-0.0149543
-0.0151453
-0.0153335
-0.0155188
-0.0157009
-0.0158797
-0.0160548
-0.016226
-0.0163932
-0.0165559
-0.0167141
-0.0168673
-0.0170154
-0.017158
-0.0172949
-0.0174258
-0.0175503
-0.0176682
-0.0177791
-0.0178827
-0.0179788
-0.0180669
-0.0181467
-0.0182179
-0.0182801
-0.018333
-0.0183762
-0.0184092
-0.0184318
-0.0184435
-0.0184439
-0.0184327
-0.0184094
-0.0183735
-0.0183247
-0.0182626
-0.0181866
-0.0180964
-0.0179914
-0.0178713
-0.0177355
-0.0175836
-0.017415
-0.0172294
-0.0170261
-0.0168048
-0.0165648
-0.0163057
-0.0160269
-0.0157279
-0.0154081
-0.0150671
-0.0147043
-0.0143191
-0.0139109
-0.0134793
-0.0130235
-0.0125431
-0.0120374
-0.011506
-0.010948
-0.0103631
-0.00975052
-0.00910972
-0.00844008
-0.00774098
-0.00701181
-0.00625194
-0.00546077
-0.00463765
-0.00378196
-0.00289307
-0.00197036
-0.00101318
-2.09069e-05
0.0010071
0.00207146
0.00317283
0.00431183
0.00548909
0.00670525
0.00796093
0.00925676
0.0105934
0.0119714
0.0133914
0.014854
0.0163599
0.0179096
0.0195037
0.0211428
0.0228276
0.0245585
0.0263361
0.0281611
0.0300338
0.031955
0.033925
0.0359445
0.0380138
0.0401336
0.0423042
0.0445261
0.0467998
0.0491257
0.0515041
0.0539356
0.0564203
0.0589588
0.0615513
0.0641981
0.0668995
0.0696557
0.072467
0.0753336
0.0782557
0.0812334
0.0842668
0.087356
0.090501
0.093702
0.0969588
0.100271
0.10364
0.107064
0.110543
0.114078
0.117668
0.121312
0.125011
0.128764
0.13257
0.136429
0.140341
0.144305
0.148321
0.152387
0.156503
0.160668
0.164881
0.169141
0.173448
0.1778
0.182197
0.186636
0.191117
0.195639
0.200199
0.204797
0.209431
0.214099
0.2188
0.223532
0.228293
0.23308
0.237893
0.242729
0.247585
0.252459
0.257349
0.262253
0.267167
0.27209
0.277017
0.281947
0.286876
0.291802
0.29672
0.301628
0.306521
0.311398
0.316253
0.321083
0.325884
0.330652
0.335383
0.340073
0.344716
0.349309
0.353847
0.358324
0.362737
0.367079
0.371346
0.375532
0.379631
0.383639
0.387549
0.391354
0.39505
0.39863
0.402086
0.405414
0.408605
0.411654
0.414553
0.417294
0.419871
0.422275
0.4245
0.426538
0.428382
0.430032
0.431486
0.432745
0.433809
0.434678
0.43535
0.435827
0.436105
0.436186
0.436067
0.435747
0.435225
0.4345
0.433568
0.432429
0.43108
0.429519
0.427744
0.425751
0.423538
0.421102
0.41844
0.415549
0.412425
0.409064
0.405465
0.401635
0.39758
0.39331
0.388834
0.384159
0.379294
0.374248
0.369028
0.363643
0.358101
0.352409
0.346575
0.340606
0.334509
0.328293
0.321963
0.315526
0.308991
0.302362
0.295647
0.288852
0.281983
0.275047
0.26805
0.260997
0.253896
0.24675
0.239566
0.232351
0.225108
0.217844
0.210564
0.203273
0.195976
0.188678
0.181386
0.174102
0.166832
0.159582
0.152355
0.145157
0.137992
0.130864
0.123779
0.11674
0.109752
0.10282
0.0959471
0.0891384
0.0823979
0.0757299
0.0691385
0.062628
0.0562025
0.0498661
0.0436229
0.037477
0.0314324
0.0254932
0.0196635
0.0139473
0.00834853
0.00287133
-0.00248031
-0.00770236
-0.0127908
-0.0177416
-0.0225507
-0.0272141
-0.0317276
-0.0360873
-0.040289
-0.0443287
-0.0482021
-0.0519053
-0.0554339
-0.0587838
-0.0619508
-0.0649307
-0.0677192
-0.070312
-0.0727047
-0.0748931
-0.0768727
-0.0786392
-0.080188
-0.0815147
-0.0826148
-0.0834837
-0.0841169
-0.0845097
-0.0846574
-0.0845554
-0.0841989
-0.0835832
-0.0827034
-0.0815547
-0.0801322
-0.0784311
-0.0764463
-0.0741729
-0.0716059
-0.0687402
-0.0655707
-0.0620924
-0.0583001
-0.0541887
-0.0497529
-0.0449876
-0.0398874
-0.0344472
-0.0286616
-0.0225254
-0.0160331
-0.0091796
-0.0019594
0.00563281
0.0136024
0.0219547
0.0306952
0.0398291
0.0493619
0.0592988
0.0696453
0.0804066
0.0915881
0.103195
0.115232
0.127706
0.14062
0.153981
0.167793
0.182061
0.196791
0.211987
0.227653
0.243796
0.260419
0.277527
0.295125
0.313217
0.331807
0.3509
0.370499
0.390609
0.411234
0.432376
0.45404
0.476229
0.498945
0.522194
0.545976
0.570294
0.595152
0.620551
0.646493
0.67298
0.700014
0.727596
0.755727
0.784407
0.813638
0.843418
0.87375
0.90463
0.93606
0.968038
1.00056
1.03363
1.06724
1.10139
1.13608
1.1713
1.20705
1.24333
1.28013
1.31744
1.35526
1.39359
1.43241
1.47172
1.51152
1.55179
1.59252
1.63371
1.67534
1.71741
1.7599
1.8028
1.84611
1.88979
1.93385
1.97826
2.02302
2.0681
2.11349
2.15916
2.20511
2.25131
2.29774
2.34439
2.39122
2.43821
2.48535
2.53261
2.57996
2.62737
2.67482
2.72227
2.76971
2.81709
2.86439
2.91158
2.95861
3.00546
3.05208
3.09845
3.14452
3.19025
3.2356
3.28054
3.32501
3.36897
3.41237
3.45518
3.49733
3.53879
3.57949
3.6194
3.65844
3.69657
3.73373
3.76987
3.80491
3.83881
3.8715
3.90291
3.93298
3.96166
3.9889
4.01467
4.03897
4.06184
4.08328
4.10332
4.12196
4.13923
4.15513
4.16967
4.18287
4.19473
4.20526
4.21446
4.22233
4.22887
4.23408
4.23797
4.24052
4.24174
4.2416
4.24011
4.23725
4.23301
4.22738
4.22034
4.21187
4.20196
4.19058
4.17772
4.16334
4.14742
4.12995
4.11087
4.09018
4.06783
4.04381
4.01818
3.991
3.96234
3.93226
3.90084
3.86813
3.83421
3.79914
3.76297
3.72577
3.6876
3.64851
3.60857
3.56781
3.5263
3.48409
3.44123
3.39776
3.35374
3.30921
3.26421
3.2188
3.173
3.12687
3.08043
3.03374
2.98683
2.93973
2.89248
2.84511
2.79767
2.75017
2.70264
2.65513
2.60766
2.56025
2.51293
2.46573
2.41868
2.37179
2.32509
2.2786
2.23234
2.18633
2.1406
2.09516
2.05002
2.00521
1.96074
1.91663
1.87289
1.82953
1.78657
1.74402
1.7019
1.66021
1.61896
1.57816
1.53783
1.49797
1.45859
1.4197
1.3813
1.34341
1.30602
1.26914
1.23278
1.19694
1.16163
1.12684
1.09259
1.05887
1.02569
0.993046
0.960943
0.929381
0.898361
0.867883
0.837948
0.808555
0.779703
0.751391
0.723619
0.696384
0.669685
0.643521
0.617888
0.592784
0.568207
0.544153
0.52062
0.497604
0.475101
0.453108
0.43162
0.410634
0.390146
0.370151
0.350644
0.331621
0.313077
0.295007
0.277406
0.260269
0.243591
0.227366
0.211589
0.196254
0.181357
0.16689
0.152848
0.139227
0.126019
0.113219
0.100821
0.0888184
0.0772062
0.065978
0.0551277
0.0446492
0.0345364
0.0247832
0.0153836
0.00633124
-0.00237985
-0.0107558
-0.0188028
-0.026527
-0.0339344
-0.0410311
-0.0478232
-0.0543168
-0.060518
-0.0664326
-0.0720668
-0.0774264
-0.0825175
-0.0873458
-0.0919174
-0.0962379
-0.100313
-0.104149
-0.107751
-0.111125
-0.114276
-0.117211
-0.119934
-0.122452
-0.124768
-0.12689
-0.128822
-0.13057
-0.132139
-0.133533
-0.134759
-0.13582
-0.136724
-0.137473
-0.138073
-0.13853
-0.138847
-0.13903
-0.139083
-0.139011
-0.138818
-0.13851
-0.13809
-0.137563
-0.136933
-0.136206
-0.135384
-0.134472
-0.133475
-0.132396
-0.131239
-0.13001
-0.12871
-0.127345
-0.125919
-0.124434
-0.122895
-0.121306
-0.11967
-0.117991
-0.116273
-0.114518
-0.112731
-0.110915
-0.109073
-0.107208
-0.105325
-0.103426
-0.101514
-0.0995927
-0.0976654
-0.0957348
