41.8104,109.980697
41.81037889,109.9806961
41.81038008,109.9806953
41.81038125,109.9806944
41.81038242,109.9806935
41.81038359,109.9806926
41.81038475,109.9806917
41.8103859,109.9806908
41.81038705,109.9806899
41.8103882,109.9806889
41.81038935,109.980688
41.81039051,109.9806871
41.81039166,109.9806862
41.81039281,109.9806852
41.81039396,109.9806843
41.81039511,109.9806834
41.81039627,109.9806824
41.81039742,109.9806815
41.81039857,109.9806806
41.81039972,109.9806797
41.81040087,109.9806787
41.81040203,109.9806778
41.81040318,109.9806769
41.81040433,109.980676
41.81040548,109.980675
41.81040663,109.9806741
41.81040779,109.9806732
41.81040894,109.9806723
41.81041009,109.9806713
41.81041124,109.9806704
41.81041239,109.9806695
41.81041354,109.9806686
41.8104147,109.9806676
41.81041585,109.9806667
41.810417,109.9806658
41.81041815,109.9806649
41.8104193,109.9806639
41.81042046,109.980663
41.81042161,109.9806621
41.81042276,109.9806612
41.81042391,109.9806602
41.81042507,109.9806593
41.81042623,109.9806584
41.8104281,109.980657
41.8104296,109.9806558
41.8104312,109.9806547
41.8104328,109.9806535
41.8104344,109.9806524
41.8104359,109.9806512
41.8104375,109.9806501
41.8104391,109.9806489
41.8104407,109.9806478
41.8104423,109.9806466
41.8104439,109.9806455
41.8104454,109.9806443
41.810447,109.9806432
41.8104486,109.980642
41.8104502,109.9806408
41.8104517,109.9806396
41.8104533,109.9806384
41.8104549,109.9806372
41.8104564,109.9806361
41.810458,109.9806349
41.8104596,109.9806337
41.8104611,109.9806325
41.8104627,109.9806314
41.8104643,109.9806302
41.8104659,109.9806291
41.8104675,109.9806279
41.810469,109.9806268
41.8104706,109.9806256
41.8104722,109.9806245
41.8104738,109.9806233
41.8104754,109.9806222
41.810477,109.9806211
41.8104785,109.9806199
41.8104801,109.9806188
41.8104817,109.9806176
41.8104833,109.9806165
41.8104849,109.9806154
41.8104865,109.9806142
41.8104881,109.9806131
41.8104897,109.980612
41.8104912,109.9806108
41.8104928,109.9806097
41.8104944,109.9806085
41.810496,109.9806074
41.8104976,109.9806063
41.8104992,109.9806051
41.8105008,109.980604
41.8105024,109.9806029
41.810504,109.9806017
41.8105055,109.9806006
41.8105071,109.9805995
41.8105087,109.9805983
41.8105103,109.9805971
41.8105119,109.980596
41.8105134,109.9805948
41.810515,109.9805936
41.8105166,109.9805925
41.8105181,109.9805913
41.8105197,109.9805901
41.8105213,109.980589
41.8105229,109.9805878
41.8105245,109.9805866
41.810526,109.9805855
41.8105276,109.9805843
41.8105292,109.9805831
41.8105308,109.980582
41.8105323,109.9805808
41.8105339,109.9805797
41.8105355,109.9805785
41.8105371,109.9805774
41.8105387,109.9805762
41.8105402,109.980575
41.8105418,109.9805739
41.8105434,109.9805727
41.8105449,109.9805715
41.8105465,109.9805703
41.8105481,109.9805692
41.8105497,109.980568
41.8105512,109.9805668
41.8105528,109.9805656
41.8105544,109.9805645
41.810556,109.9805633
41.8105575,109.9805621
41.8105591,109.980561
41.8105607,109.9805598
41.8105623,109.9805586
41.8105638,109.9805575
41.8105654,109.9805563
41.810567,109.9805551
41.8105685,109.9805539
41.8105701,109.9805527
41.8105717,109.9805515
41.8105732,109.9805503
41.8105748,109.9805491
41.8105763,109.980548
41.8105779,109.9805468
41.8105795,109.9805456
41.810581,109.9805444
41.8105826,109.9805432
41.8105842,109.980542
41.8105858,109.9805408
41.8105873,109.9805397
41.8105889,109.9805385
41.8105905,109.9805373
41.810592,109.9805361
41.8105936,109.980535
41.8105952,109.9805338
41.8105967,109.9805326
41.8105983,109.9805314
41.8105999,109.9805302
41.8106014,109.980529
41.810603,109.9805278
41.8106046,109.9805266
41.8106061,109.9805254
41.81060771,109.9805242
41.81060921,109.980523
41.81061081,109.9805218
41.81061241,109.9805206
41.81061391,109.9805194
41.81061551,109.9805182
41.81061701,109.980517
41.81061861,109.9805158
41.81062021,109.9805146
41.81062171,109.9805134
41.81062331,109.9805122
41.81062481,109.980511
41.81062641,109.9805098
41.81062801,109.9805086
41.81062951,109.9805074
41.81063111,109.9805062
41.81063271,109.980505
41.81063421,109.9805038
41.81063581,109.9805027
41.81063741,109.9805015
41.81063891,109.9805002
41.81064051,109.980499
41.81064202,109.9804978
41.81064362,109.9804966
41.81064522,109.9804954
41.81064672,109.9804942
41.81064832,109.980493
41.81064982,109.9804918
41.81065142,109.9804907
41.81065302,109.9804895
41.81065452,109.9804883
41.81065612,109.9804871
41.81065772,109.9804859
41.81065922,109.9804848
41.81066082,109.9804836
41.81066232,109.9804823
41.81066392,109.9804811
41.81066543,109.9804799
41.81066703,109.9804787
41.81066853,109.9804774
41.81067013,109.9804762
41.81067163,109.980475
41.81067323,109.9804737
41.81067473,109.9804725
41.81067623,109.9804713
41.81067783,109.98047
41.81067943,109.9804688
41.81068093,109.9804676
41.81068253,109.9804664
41.81068413,109.9804653
41.81068564,109.9804641
41.81068724,109.9804629
41.81068884,109.9804617
41.81069034,109.9804606
41.81069194,109.9804594
41.81069354,109.9804582
41.81069504,109.980457
41.81069664,109.9804558
41.81069824,109.9804546
41.81069974,109.9804534
41.81070134,109.9804522
41.81070294,109.9804511
41.81070444,109.9804499
41.81070605,109.9804487
41.81070765,109.9804475
41.81070925,109.9804464
41.81071075,109.9804452
41.81071235,109.9804441
41.81071395,109.9804429
41.81071555,109.9804418
41.81071715,109.9804406
41.81071865,109.9804395
41.81072025,109.9804383
41.81072185,109.9804371
41.81072345,109.980436
41.81072506,109.9804348
41.81072656,109.9804336
41.81072816,109.9804325
41.81072976,109.9804313
41.81073136,109.9804301
41.81073286,109.980429
41.81073446,109.9804278
41.81073606,109.9804268
41.81073766,109.9804256
41.81073926,109.9804245
41.81074076,109.9804234
41.81074236,109.9804222
41.81074397,109.9804211
41.81074557,109.9804199
41.81074717,109.9804188
41.81074877,109.9804176
41.81075027,109.9804165
41.81075187,109.9804153
41.81075347,109.9804142
41.81075507,109.980413
41.81075667,109.9804119
41.81075827,109.9804107
41.81075977,109.9804096
41.81076137,109.9804084
41.81076297,109.9804073
41.81076457,109.9804061
41.81076618,109.980405
41.81076768,109.9804038
41.81076928,109.9804027
41.81077088,109.9804015
41.81077248,109.9804003
41.81077408,109.9803992
41.81077568,109.9803981
41.81077718,109.9803969
41.81077878,109.9803958
41.81078038,109.9803946
41.81078198,109.9803935
41.81078358,109.9803923
41.81078508,109.9803911
41.81078668,109.98039
41.81078828,109.9803888
41.81078988,109.9803877
41.81079148,109.9803865
41.81079298,109.9803854
41.81079458,109.9803842
41.81079618,109.9803831
41.81079778,109.9803819
41.81079938,109.9803808
41.81080098,109.9803797
41.81080258,109.9803785
41.81080408,109.9803774
41.81080567,109.9803762
41.81080727,109.9803751
41.81080887,109.9803739
41.81081047,109.9803728
41.81081207,109.9803717
41.81081357,109.9803705
41.81081517,109.9803693
41.81081677,109.9803682
41.81081837,109.9803671
41.81081997,109.9803659
41.81082156,109.9803648
41.81082306,109.9803636
41.81082466,109.9803625
41.81082626,109.9803613
41.81082786,109.9803602
41.81082945,109.9803591
41.81083105,109.980358
41.81083265,109.9803568
41.81083425,109.9803557
41.81083585,109.9803546
41.81083744,109.9803535
41.81083904,109.9803523
41.81084064,109.9803512
41.81084223,109.9803501
41.81084373,109.980349
41.81084533,109.9803478
41.81084703,109.9803468
41.81084862,109.9803457
41.81085022,109.9803445
41.81085182,109.9803434
41.81085341,109.9803424
41.81085501,109.9803413
41.8108566,109.9803402
41.8108582,109.9803391
41.8108598,109.980338
41.81086139,109.9803369
41.81086299,109.9803357
41.81086458,109.9803347
41.81086618,109.9803335
41.81086787,109.9803325
41.81086947,109.9803314
41.81087106,109.9803304
41.81087266,109.9803293
41.81087425,109.9803283
41.81087595,109.9803272
41.81087754,109.9803261
41.81087914,109.980325
41.81088073,109.980324
41.81088232,109.9803229
41.81088402,109.9803219
41.81088561,109.9803209
41.81088721,109.9803197
41.8108889,109.9803187
41.81089049,109.9803177
41.81089209,109.9803167
41.81089378,109.9803157
41.81089537,109.9803146
41.81089696,109.9803136
41.81089866,109.9803126
41.81090025,109.9803115
41.81090184,109.9803104
41.81090353,109.9803094
41.81090512,109.9803084
41.81090671,109.9803074
41.81090831,109.9803062
41.81091,109.9803052
41.81091159,109.9803042
41.81091318,109.9803032
41.81091487,109.980302
41.81091646,109.980301
41.81091805,109.9803
41.81091974,109.9802989
41.81092133,109.9802979
41.81092292,109.9802969
41.81092461,109.9802958
41.8109262,109.9802948
41.81092789,109.9802938
41.81092948,109.9802927
41.81093107,109.9802917
41.81093276,109.9802907
41.81093435,109.9802896
41.81093604,109.9802887
41.81093763,109.9802877
41.81093932,109.9802867
41.81094091,109.9802857
41.8109426,109.9802847
41.81094419,109.9802837
41.81094588,109.9802828
41.81094757,109.9802818
41.81094916,109.9802808
41.81095085,109.9802798
41.81095254,109.9802789
41.81095413,109.980278
41.81095581,109.9802771
41.8109575,109.9802762
41.81095919,109.9802753
41.81096088,109.9802745
41.81096257,109.9802735
41.81096427,109.9802727
41.81096586,109.9802717
41.81096755,109.9802708
41.81096925,109.9802698
41.81097084,109.9802688
41.81097254,109.980268
41.81097423,109.980267
41.81097593,109.9802662
41.81097762,109.9802653
41.81097932,109.9802646
41.81098112,109.9802638
41.81098281,109.9802631
41.81098451,109.9802623
41.81098621,109.9802614
41.81098791,109.9802607
41.81098962,109.9802599
41.81099132,109.9802591
41.81099312,109.9802583
41.81099482,109.9802575
41.81099653,109.9802569
41.81099833,109.9802563
41.81100003,109.9802556
41.81100184,109.980255
41.81100354,109.9802543
41.81100535,109.9802538
41.81100705,109.9802532
41.81100886,109.9802526
41.81101066,109.9802521
41.81101237,109.9802515
41.81101418,109.980251
41.81101598,109.9802506
41.81101779,109.9802501
41.8110195,109.9802497
41.8110213,109.9802492
41.81102311,109.9802487
41.81102492,109.9802483
41.81102663,109.9802478
41.81102845,109.9802475
41.81103026,109.980247
41.81103207,109.9802466
41.81103388,109.9802464
41.8110357,109.980246
41.81103751,109.9802458
41.81103933,109.9802456
41.81104114,109.9802454
41.81104296,109.9802451
41.81104478,109.9802449
41.8110465,109.9802446
41.81104833,109.9802444
41.81105015,109.9802442
41.81105198,109.980244
41.8110538,109.9802438
41.81105563,109.9802438
41.81105746,109.9802437
41.81105929,109.9802436
41.81106112,109.9802436
41.81106295,109.9802435
41.81106478,109.9802436
41.81106662,109.9802436
41.81106845,109.9802435
41.81107029,109.9802436
41.81107213,109.9802437
41.81107397,109.9802438
41.81107581,109.9802438
41.81107765,109.980244
41.81107949,109.9802442
41.81108134,109.9802444
41.81108318,109.9802447
41.81108503,109.9802449
41.81108687,109.9802453
41.81108871,109.9802456
41.81109045,109.980246
41.81109229,109.9802464
41.81109413,109.9802469
41.81109586,109.9802474
41.8110977,109.9802479
41.81109954,109.9802484
41.81110128,109.9802489
41.81110313,109.9802494
41.81110497,109.9802499
41.81110671,109.9802504
41.81110856,109.980251
41.8111103,109.9802516
41.81111214,109.9802522
41.81111388,109.9802529
41.81111561,109.9802536
41.81111744,109.9802544
41.81111917,109.9802552
41.8111209,109.9802561
41.81112263,109.980257
41.81112436,109.9802578
41.81112608,109.9802587
41.81112781,109.9802596
41.81112954,109.9802604
41.81113116,109.9802614
41.81113289,109.9802623
41.81113461,109.9802633
41.81113633,109.9802643
41.81113795,109.9802653
41.81113966,109.9802663
41.81114127,109.9802674
41.81114288,109.9802686
41.81114448,109.9802699
41.81114608,109.9802711
41.81114768,109.9802723
41.81114928,109.9802736
41.81115077,109.9802748
41.81115236,109.9802761
41.81115384,109.9802775
41.81115533,109.9802789
41.81115681,109.9802803
41.81115829,109.9802817
41.81115978,109.9802832
41.81116125,109.9802846
41.81116273,109.980286
41.8111641,109.9802875
41.81116558,109.9802891
41.81116695,109.9802906
41.81116832,109.9802921
41.81116969,109.9802937
41.81117106,109.9802954
41.81117243,109.980297
41.8111738,109.9802986
41.81117516,109.9803002
41.81117653,109.9803018
41.8111779,109.9803034
41.81117926,109.980305
41.81118053,109.9803066
41.81118189,109.9803082
41.81118316,109.98031
41.81118452,109.9803117
41.81118578,109.9803133
41.81118705,109.9803151
41.81118831,109.9803168
41.81118967,109.9803184
41.81119093,109.9803201
41.81119219,109.9803219
41.81119346,109.9803235
41.81119472,109.9803253
41.81119598,109.9803271
41.81119714,109.9803288
41.8111984,109.9803306
41.81119966,109.9803324
41.81120082,109.9803342
41.81120209,109.9803359
41.81120325,109.9803377
41.81120451,109.9803395
41.81120567,109.9803413
41.81120683,109.9803431
41.81120799,109.980345
41.81120916,109.9803468
41.81121032,109.9803487
41.81121148,109.9803506
41.81121255,109.9803525
41.81121371,109.9803543
41.81121478,109.9803562
41.81121594,109.9803581
41.81121701,109.98036
41.81121818,109.9803619
41.81121925,109.9803638
41.81122032,109.9803657
41.81122149,109.9803675
41.81122256,109.9803695
41.81122374,109.9803714
41.81122481,109.9803732
41.81122589,109.9803752
41.81122696,109.9803772
41.81122804,109.9803791
41.81122902,109.980381
41.8112301,109.980383
41.81123118,109.9803849
41.81123227,109.9803868
41.81123335,109.9803888
41.81123454,109.9803906
41.81123563,109.9803925
41.81123672,109.9803944
41.81123781,109.9803963
41.8112389,109.9803982
41.81124,109.9804001
41.81124109,109.9804021
41.81124209,109.980404
41.81124319,109.9804059
41.8112443,109.9804079
41.8112454,109.9804098
41.81124651,109.9804117
41.81124761,109.9804136
41.81124862,109.9804155
41.81124974,109.9804175
41.81125085,109.9804193
41.81125187,109.9804212
41.81125299,109.9804232
41.81125401,109.9804251
41.81125513,109.9804271
41.81125626,109.9804289
41.81125738,109.9804309
41.81125841,109.9804328
41.81125954,109.9804347
41.81126078,109.9804365
41.81126191,109.9804384
41.81126305,109.9804401
41.8112642,109.9804421
41.81126534,109.980444
41.81126649,109.9804458
41.81126763,109.9804477
41.81126879,109.9804495
41.81126984,109.9804514
41.811271,109.9804533
41.81127216,109.9804551
41.81127332,109.980457
41.81127448,109.9804588
41.81127575,109.9804605
41.81127692,109.9804624
41.81127809,109.9804642
41.81127927,109.980466
41.81128044,109.9804678
41.81128173,109.9804696
41.81128291,109.9804714
41.81128409,109.9804732
41.81128528,109.980475
41.81128648,109.9804768
41.81128767,109.9804786
41.81128887,109.9804803
41.81129017,109.9804821
41.81129147,109.9804838
41.81129268,109.9804855
41.81129399,109.9804872
41.8112953,109.9804889
41.81129652,109.9804906
41.81129783,109.9804923
41.81129905,109.980494
41.81130037,109.9804957
41.8113016,109.9804974
41.81130293,109.9804991
41.81130427,109.9805008
41.8113056,109.9805024
41.81130694,109.980504
41.81130829,109.9805057
41.81130964,109.9805073
41.81131088,109.9805089
41.81131224,109.9805105
41.81131359,109.9805122
41.81131495,109.9805138
41.81131621,109.9805154
41.81131758,109.980517
41.81131894,109.9805187
41.81132031,109.9805202
41.81132168,109.9805218
41.81132303,109.9805233
41.81132441,109.9805249
41.8113258,109.9805265
41.81132708,109.980528
41.81132848,109.9805296
41.81132985,109.9805311
41.81133124,109.9805326
41.81133262,109.9805341
41.81133403,109.9805357
41.81133539,109.9805371
41.8113368,109.9805385
41.81133828,109.98054
41.81133969,109.9805415
41.81134108,109.9805429
41.8113425,109.9805444
41.8113439,109.9805458
41.81134534,109.9805472
41.81134676,109.9805486
41.81134819,109.98055
41.81134959,109.9805515
41.81135103,109.9805529
41.8113525,109.9805542
41.81135392,109.9805555
41.81135542,109.9805568
41.81135696,109.9805582
41.81135843,109.9805593
41.81135996,109.9805606
41.81136156,109.9805618
41.8113631,109.980563
41.81136471,109.9805642
41.81136625,109.9805654
41.81136774,109.9805665
41.81136938,109.9805677
41.81137088,109.9805688
41.81137243,109.98057
41.81137403,109.9805711
41.81137559,109.9805723
41.8113772,109.9805734
41.81137886,109.9805746
41.81138042,109.9805756
41.81138206,109.9805766
41.81138365,109.9805776
41.8113853,109.9805785
41.81138699,109.9805795
41.81138864,109.9805805
41.81139014,109.9805813
41.81139176,109.9805823
41.81139328,109.9805834
41.81139491,109.9805844
41.81139634,109.9805854
41.81139797,109.9805865
41.81139939,109.9805873
41.81140098,109.9805883
41.81140264,109.9805893
41.81140416,109.9805901
41.81140556,109.9805908
41.81140722,109.9805917
41.81140885,109.9805926
41.81141043,109.9805933
41.81141214,109.9805943
41.81141355,109.9805949
41.81141519,109.9805957
41.81141681,109.9805966
41.81141835,109.9805973
41.81141961,109.9805979
41.81142121,109.9805986
41.81142289,109.9805995
41.81142448,109.9806002
41.81142612,109.980601
41.81142744,109.9806015
41.81142913,109.9806023
41.81143079,109.9806031
41.81143237,109.9806037
41.811434,109.9806045
41.8114354,109.9806051
41.81143706,109.9806057
41.81143879,109.9806066
41.81144036,109.9806072
41.81144207,109.9806079
41.81144328,109.9806085
41.8114449,109.9806092
41.8114466,109.9806101
41.81144799,109.9806106
41.81144958,109.9806113
41.81145071,109.9806117
41.81145227,109.9806124
41.81145391,109.9806133
41.81145534,109.9806139
41.81145692,109.9806147
41.81145817,109.9806153
41.81145972,109.9806161
41.81146071,109.9806165
41.81146216,109.9806172
41.81146375,109.9806181
41.81146503,109.9806188
41.81146655,109.9806196
41.81146739,109.9806201
41.8114688,109.9806208
41.81147046,109.9806218
41.81147169,109.9806224
41.81147319,109.9806232
41.81147398,109.9806236
41.81147545,109.9806243
41.8114771,109.9806251
41.81147843,109.9806257
41.81148004,109.9806264
41.81148084,109.9806269
41.81148229,109.9806276
41.81148405,109.9806284
41.8114853,109.980629
41.81148694,109.9806297
41.8114879,109.9806302
41.81148936,109.980631
41.81149112,109.9806317
41.8114922,109.9806322
41.81149369,109.9806328
41.81149497,109.9806333
41.81149661,109.980634
41.81149761,109.9806345
41.8114991,109.9806352
41.81150082,109.9806361
41.81150216,109.9806367
41.81150372,109.9806375
41.81150471,109.9806382
41.8115063,109.980639
41.81150802,109.9806398
41.81150937,109.9806405
41.81151095,109.9806413
41.81151201,109.9806419
41.81151363,109.9806426
41.81151537,109.9806433
41.81151681,109.980644
41.81151852,109.9806446
41.81151977,109.9806451
41.81152144,109.9806457
41.8115232,109.9806462
41.81152475,109.9806467
41.8115265,109.9806473
41.81152789,109.9806477
41.8115296,109.9806481
41.81153138,109.9806486
41.811533,109.980649
41.81153476,109.9806495
41.81153637,109.9806499
41.81153814,109.9806503
41.81153964,109.9806507
41.81154138,109.9806511
41.81154318,109.9806516
41.81154482,109.9806519
41.8115466,109.9806523
41.81154793,109.9806528
41.81154967,109.9806532
41.81155148,109.9806537
41.81155331,109.980654
41.81155497,109.9806545
41.81155676,109.980655
41.81155826,109.9806554
41.81156003,109.9806559
41.81156185,109.9806562
41.81156343,109.9806566
41.81156524,109.980657
41.81156683,109.9806573
41.81156863,109.9806575
41.81157047,109.9806579
41.81157221,109.980658
41.81157404,109.9806583
41.81157571,109.9806584
41.81157742,109.9806586
41.81157928,109.9806588
41.81158105,109.9806589
41.81158289,109.980659
41.81158444,109.9806592
41.81158627,109.9806593
41.81158812,109.9806594
41.81158999,109.9806595
41.81159168,109.9806596
41.81159352,109.9806598
41.81159525,109.9806598
41.81159709,109.9806598
41.81159895,109.9806599
41.81160065,109.98066
41.8116025,109.9806599
41.81160425,109.9806599
41.811606,109.9806599
41.81160786,109.9806599
41.81160957,109.9806598
41.81161143,109.9806597
41.8116132,109.9806596
41.81161494,109.9806595
41.81161681,109.9806594
41.81161853,109.9806593
41.8116204,109.980659
41.81162212,109.9806589
41.81162398,109.9806587
41.81162568,109.9806586
41.81162754,109.9806583
41.8116293,109.9806582
41.81163115,109.9806579
41.81163291,109.9806577
41.81163475,109.9806573
41.81163651,109.980657
41.81163827,109.9806568
41.81164013,109.9806564
41.81164189,109.980656
41.81164365,109.9806556
41.81164551,109.9806552
41.81164727,109.9806549
41.81164903,109.9806544
41.81165078,109.980654
41.81165263,109.9806537
41.81165438,109.9806533
41.81165624,109.9806529
41.81165799,109.9806525
41.81165974,109.9806522
41.81166158,109.9806518
41.81166333,109.9806513
41.81166508,109.980651
41.81166692,109.9806505
41.81166867,109.98065
41.81167042,109.9806495
41.81167217,109.980649
41.81167391,109.9806484
41.81167576,109.9806479
41.8116775,109.9806474
41.81167924,109.9806468
41.81168099,109.9806462
41.81168273,109.9806456
41.81168446,109.9806451
41.8116862,109.9806444
41.81168794,109.9806439
41.81168977,109.9806434
41.81169151,109.9806428
41.81169324,109.9806421
41.81169497,109.9806416
41.8116967,109.980641
41.81169853,109.9806404
41.81170026,109.9806399
41.81170198,109.9806392
41.81170371,109.9806386
41.81170544,109.980638
41.81170716,109.9806373
41.81170898,109.9806367
41.81171071,109.9806361
41.81171243,109.9806355
41.81171415,109.9806348
41.81171587,109.9806342
41.81171769,109.9806336
41.81171941,109.980633
41.81172112,109.9806324
41.81172284,109.9806318
41.81172466,109.9806312
41.81172637,109.9806306
41.81172809,109.9806298
41.8117298,109.9806292
41.81173151,109.9806285
41.81173333,109.9806279
41.81173504,109.9806273
41.81173675,109.9806266
41.81173846,109.980626
41.81174028,109.9806253
41.81174199,109.9806247
41.8117437,109.9806241
41.81174541,109.9806234
41.81174722,109.9806227
41.81174892,109.9806221
41.81175063,109.9806214
41.81175234,109.9806207
41.81175405,109.98062
41.81175575,109.9806193
41.81175756,109.9806185
41.81175926,109.9806178
41.81176096,109.980617
41.81176267,109.9806163
41.81176437,109.9806156
41.81176607,109.9806149
41.81176777,109.9806142
41.81176958,109.9806135
41.81177128,109.9806128
41.81177298,109.9806121
41.81177468,109.9806115
41.81177648,109.9806108
41.81177818,109.98061
41.81177988,109.9806093
41.81178158,109.9806086
41.81178337,109.9806079
41.81178507,109.9806072
41.81178677,109.9806065
41.81178846,109.9806058
41.81179016,109.980605
41.81179185,109.9806042
41.81179365,109.9806035
41.81179535,109.9806028
41.81179704,109.9806021
41.81179874,109.9806014
41.81180053,109.9806007
41.81180223,109.9806001
41.81180392,109.9805993
41.81180562,109.9805987
41.81180741,109.980598
41.81180911,109.9805974
41.8118108,109.9805967
41.8118126,109.980596
41.81181429,109.9805953
41.81181608,109.9805947
41.81181778,109.980594
41.81181947,109.9805934
41.81182127,109.9805928
41.81182296,109.980592
41.81182465,109.9805914
41.81182645,109.9805908
41.81182814,109.9805902
41.81182994,109.9805896
41.81183163,109.9805889
41.81183343,109.9805883
