18.7058
18.7175
18.729
18.7402
18.7511
18.7617
18.772
18.7824
18.7845
18.7752
18.7652
18.7555
18.7454
18.7364
18.7286
18.7213
18.7103
18.7004
18.6916
18.684
18.6777
18.6725
18.6685
18.6658
18.6642
18.6639
18.6647
18.6668
18.6701
18.6745
18.6802
18.6871
18.6952
18.7044
18.7149
18.7156
18.7064
18.6962
18.6865
18.6764
18.6675
18.6605
18.6552
18.6519
18.6464
18.6559
18.6603
18.6741
18.677
18.6951
18.7082
18.7306
18.6997
18.6726
18.6358
18.6128
18.5832
18.5524
18.5198
18.4922
18.4665
18.4464
18.425
18.4059
18.3844
18.3772
18.3647
18.362
18.354
18.3505
18.3375
18.3078
18.2724
18.247
18.2238
18.1893
18.166
18.1372
18.1183
18.0993
18.0693
18.0379
18.0088
17.9702
17.9453
17.9149
17.8946
17.8764
17.8497
17.8215
17.7922
17.7572
17.7285
17.7057
17.6775
17.6516
17.6358
17.61
17.591
17.582
17.5628
17.5508
17.5486
17.5412
17.5363
17.5357
17.5354
17.5374
17.5491
17.55
17.5662
17.5776
17.5983
17.6144
17.6265
17.654
17.677
17.6769
17.6724
17.6758
17.6742
17.6695
17.6697
17.6698
17.6644
17.6559
17.6624
17.6639
17.6678
17.6754
17.6839
17.6948
17.696
17.6662
17.6309
17.5899
17.5547
17.5257
17.495
17.4666
17.4363
17.4126
17.3912
17.3722
17.3584
17.344
17.3321
17.3175
17.3128
17.2759
17.2376
17.2053
17.1754
17.1376
17.0998
17.0644
17.0276
16.9968
16.9625
16.9238
16.8875
16.8497
16.8181
16.7831
16.7449
16.7091
16.6719
16.6397
16.6057
16.5715
16.5345
16.4951
16.4617
16.4307
16.3982
16.3799
16.3563
16.3232
16.3046
16.2833
16.2645
16.2466
16.2236
16.2056
16.184
16.1768
16.1645
16.1498
16.1426
16.138
16.1306
16.131
16.1213
16.1269
16.1292
16.1398
16.14
16.148
16.1263
16.1008
16.079
16.0572
16.0319
16.0131
15.9918
15.9726
15.9625
15.9419
15.9286
15.9178
15.912
15.9064
15.9033
15.8975
15.8996
15.9044
15.9059
15.9158
15.9353
15.9442
15.9618
15.982
16.0115
16.0302
16.0351
16.0281
16.0282
16.0212
16.0174
16.0134
16.012
16.0205
16.0243
16.0249
16.0409
16.0523
16.0664
16.0837
16.1027
16.1312
16.1553
16.1755
16.1766
16.1784
16.1877
16.1838
16.1844
16.177
16.173
16.1685
16.1738
16.1744
16.1847
16.1904
16.1999
16.2106
16.2268
16.2085
16.1986
16.1771
16.1653
16.1474
16.1303
16.1189
16.108
16.0868
16.0764
16.0595
16.048
16.0307
16.0112
16.0065
15.9968
15.9971
15.9927
15.9927
15.9932
16.0036
16.0094
16.0248
16.0428
16.0563
16.0427
16.0253
16.0158
15.9971
15.9863
15.9768
15.9535
15.9347
15.9259
15.9156
15.9
15.8945
15.8791
15.8786
15.8807
15.8852
15.8923
15.902
15.907
15.9217
15.939
15.9588
15.9742
15.9958
15.9864
15.9711
15.9527
15.9547
15.9444
15.9346
15.9272
15.9299
15.9276
15.9279
15.9209
15.9122
15.906
15.8949
15.9013
15.9027
15.9194
15.926
15.9423
15.9538
15.975
15.9976
16.0237
16.0453
16.0616
16.0594
16.0703
16.0718
16.0609
16.064
16.0612
16.0595
16.0602
16.0581
16.0584
16.0661
16.0639
16.0717
16.0872
16.0998
16.1149
16.1252
16.151
16.1734
16.1739
16.1378
16.1087
16.0809
16.0589
16.0253
15.9877
15.9547
15.9213
15.8935
15.865
15.8381
15.8165
15.7881
15.7677
15.7373
15.7205
15.6949
15.6833
15.6627
15.6563
15.6525
15.6395
15.6409
15.645
15.6549
15.6642
15.6736
15.6602
15.6547
15.6421
15.6322
15.6059
15.5851
15.5669
15.548
15.5429
15.5325
15.5282
15.5249
15.5297
15.5356
15.538
15.5402
15.5312
15.5236
15.5186
15.5081
15.5115
15.5143
15.5264
15.5484
15.558
15.573
15.5841
15.6018
15.6131
15.6298
15.6479
15.6642
15.6929
15.7225
15.7514
15.7674
15.7887
15.8126
15.839
15.8647
15.904
15.9343
15.9736
16.0075
15.9923
15.9879
15.9943
15.9837
15.9742
15.9673
15.9621
15.9534
15.9501
15.9405
15.9418
15.9538
15.9617
15.9584
15.9655
15.975
15.9954
16.01
16.0096
16.0009
15.9936
15.9886
15.9793
15.972
15.9652
15.9597
15.9601
15.9545
15.9681
15.9747
15.9872
15.9957
15.9447
15.8888
15.8224
15.7657
15.7166
15.6648
15.6081
15.566
15.5217
15.492
15.4606
15.4358
15.4168
15.3925
15.3779
15.3649
15.3545
15.3467
15.3416
15.3391
15.3389
15.3464
15.3447
15.3511
15.3554
15.3656
15.379
15.3959
15.4231
15.4609
15.4933
15.5282
15.5557
15.5587
15.5739
15.5968
15.6222
15.6501
15.6757
15.6706
15.6682
15.6616
15.6706
15.6829
15.6969
15.7204
15.7465
15.7822
15.8133
15.8468
15.8902
15.9285
15.9669
16.0078
16.0598
16.0984
16.1559
16.2021
16.2558
16.3192
16.3756
16.4264
16.4844
16.552
16.6136
16.6838
16.7561
16.8349
16.9113
16.9976
17.0821
17.1647
17.2528
17.3442
17.4202
17.487
17.5557
17.6266
17.6994
17.7817
17.8632
17.9419
18.0345
18.1169
18.2131
18.3067
18.3986
18.4998
18.5909
18.6954
18.7977
18.8975
19.0046
19.0731
19.1434
19.2212
19.3023
19.378
19.455
19.5324
19.5988
19.6796
19.7621
19.8439
19.9263
20.0104
20.0836
20.1499
20.1796
20.2106
20.2376
20.2666
20.2975
20.3379
20.3788
20.4154
20.4613
20.508
20.5437
20.5736
20.5996
20.6335
20.6587
20.6764
20.6879
20.7094
20.727
20.7583
20.7855
20.8147
20.8457
20.8787
20.9209
20.9638
21.0022
21.0425
21.0847
21.0975
21.124
21.1497
21.1662
21.1845
21.1967
21.2188
21.2429
21.262
21.2758
21.2915
21.3033
21.3146
21.3221
21.3395
21.3503
21.3494
21.3587
21.3671
21.38
21.3924
21.4089
21.4251
21.4374
21.4515
21.4676
21.4855
21.5052
21.5343
21.5577
21.5892
21.6164
21.6368
21.6396
21.6447
21.6462
21.6495
21.6546
21.6617
21.6706
21.6892
21.6916
21.6922
21.6947
21.6991
21.7053
21.7134
21.7174
21.7157
21.7156
21.7118
21.7153
21.7208
21.7201
21.7234
21.7345
21.7338
21.7347
21.7238
21.7228
21.7155
21.7087
21.6857
21.6699
21.6421
21.6245
21.6005
21.5858
21.5597
21.5268
21.5043
21.4835
21.4563
21.4392
21.4157
21.3891
21.3495
21.3118
21.2758
21.2361
21.1925
21.1347
21.0835
21.0341
20.9916
20.9458
20.9158
20.8789
20.8387
20.8004
20.7639
20.7236
20.6826
20.6378
20.6031
20.5564
20.5174
20.4803
20.4392
20.4138
20.3764
20.3471
20.3136
20.282
20.245
20.2173
20.1852
20.1543
20.126
20.0926
20.0681
20.0387
20.0047
19.9794
19.9494
19.9213
19.9084
19.8843
19.8622
19.8307
19.7997
19.7775
19.7503
19.7321
19.703
19.6876
19.6663
19.6446
19.6177
19.5985
19.5812
19.5606
19.5475
19.531
19.5145
19.5023
19.4849
19.4669
19.446
19.4272
19.4104
19.3837
19.3635
19.3453
19.3278
19.3041
19.2787
19.2553
19.23
19.2107
19.1818
19.1551
19.1261
19.0956
19.0672
19.0411
19.02
19.0061
18.9862
18.9707
18.9519
18.9251
18.9006
18.8686
18.848
18.8103
18.7826
18.749
18.7176
18.6726
18.6188
18.5744
18.5241
18.4721
18.4162
18.3542
18.294
18.2348
18.1776
18.1225
18.0613
18.0103
17.9533
17.8983
17.8537
17.803
17.7545
17.7164
17.6722
17.6385
17.5987
17.5694
17.5425
17.5095
17.487
17.4586
17.4329
17.4088
17.3789
17.3511
17.3341
17.3027
17.282
17.2553
17.2305
17.2168
17.1971
17.1798
17.1639
17.1513
17.1411
17.1334
17.1264
17.1316
17.1227
17.1246
17.1288
17.1332
17.134
17.1373
17.1485
17.1565
17.1641
17.1769
17.1842
17.1986
17.2186
17.2375
17.254
17.273
17.2898
17.3122
17.3322
17.3587
17.3835
17.359
17.3008
17.2512
17.2037
17.1504
17.0862
17.0224
16.9605
16.9093
16.851
16.7936
16.7469
16.7013
16.643
16.593
16.5435
16.4964
16.443
16.3873
16.323
16.2612
16.2016
16.1434
16.0768
16.0186
15.9603
15.8955
15.8413
15.7775
15.7219
15.6602
15.6032
15.5485
15.4864
15.4119
15.3482
15.2866
15.2276
15.1693
15.1042
15.0498
14.9947
14.9304
14.8773
14.8197
14.7613
14.6948
14.6308
14.5661
14.5044
14.4533
14.3949
14.3381
14.2838
14.2204
14.1619
14.1036
14.0461
13.9913
13.9371
13.8806
13.827
13.7793
13.7131
13.6493
13.5879
13.5291
13.471
13.4126
13.3461
13.2883
13.2253
13.1712
13.1062
13.0524
12.9827
12.9154
12.8508
12.7888
12.73
12.6717
12.6238
12.5709
12.5057
12.4508
12.3968
12.3385
12.2806
12.2222
12.1667
12.1055
12.048
11.9812
11.9171
11.856
11.7978
11.7396
11.6931
11.6392
11.5893
11.5313
11.4841
11.4318
11.3833
11.346
11.313
11.2742
11.247
11.2249
11.1964
11.1796
11.1684
11.1538
11.1427
11.1329
11.1211
